7,1,1290,68,102,245,1,-1,-1,-1
8,1,1289,69,103,244,1,-1,-1,-1
9,1,1291,69,101,243,1,-1,-1,-1
10,1,1290,69,102,243,1,-1,-1,-1
11,1,1289,69,102,243,1,-1,-1,-1
11,2,1210,25,76,203,1,-1,-1,-1
12,1,1290,69,100,243,1,-1,-1,-1
12,2,1210,25,80,204,1,-1,-1,-1
13,2,1211,26,82,203,1,-1,-1,-1
14,2,1213,26,85,204,1,-1,-1,-1
15,2,1223,29,82,200,1,-1,-1,-1
16,1,1288,69,97,241,1,-1,-1,-1
16,2,1227,30,80,199,1,-1,-1,-1
17,1,1289,69,95,241,1,-1,-1,-1
17,2,1228,30,79,199,1,-1,-1,-1
18,1,1289,68,94,242,1,-1,-1,-1
18,2,1221,29,81,199,1,-1,-1,-1
19,1,1290,68,92,242,1,-1,-1,-1
19,2,1213,28,84,199,1,-1,-1,-1
20,1,1290,68,91,242,1,-1,-1,-1
20,2,1208,27,86,200,1,-1,-1,-1
21,1,1290,67,91,243,1,-1,-1,-1
21,2,1206,26,85,201,1,-1,-1,-1
22,1,1291,67,89,243,1,-1,-1,-1
22,2,1203,25,83,201,1,-1,-1,-1
23,1,1291,67,88,243,1,-1,-1,-1
23,2,1202,24,80,202,1,-1,-1,-1
24,1,1291,67,87,243,1,-1,-1,-1
24,2,1202,23,77,202,1,-1,-1,-1
25,1,1291,66,86,244,1,-1,-1,-1
25,2,1203,23,75,202,1,-1,-1,-1
26,1,1291,66,86,242,1,-1,-1,-1
26,2,1203,23,74,203,1,-1,-1,-1
27,1,1291,65,87,242,1,-1,-1,-1
27,2,1204,23,72,203,1,-1,-1,-1
28,1,1291,66,87,240,1,-1,-1,-1
28,2,1204,23,72,203,1,-1,-1,-1
29,1,1291,66,88,240,1,-1,-1,-1
29,2,1205,23,72,203,1,-1,-1,-1
30,1,1292,67,88,239,1,-1,-1,-1
30,2,1205,22,73,204,1,-1,-1,-1
31,1,1291,69,89,238,1,-1,-1,-1
31,2,1206,22,74,204,1,-1,-1,-1
32,1,1291,69,90,239,1,-1,-1,-1
32,2,1206,22,75,205,1,-1,-1,-1
33,1,1292,70,91,238,1,-1,-1,-1
33,2,1206,23,77,204,1,-1,-1,-1
34,1,1291,70,93,239,1,-1,-1,-1
34,2,1207,23,78,204,1,-1,-1,-1
35,1,1293,70,93,239,1,-1,-1,-1
35,2,1207,23,79,204,1,-1,-1,-1
36,1,1292,69,95,241,1,-1,-1,-1
36,2,1207,24,81,204,1,-1,-1,-1
37,1,1291,68,97,241,1,-1,-1,-1
37,2,1207,24,82,203,1,-1,-1,-1
38,1,1291,68,97,241,1,-1,-1,-1
38,2,1206,23,83,204,1,-1,-1,-1
39,1,1289,69,100,242,1,-1,-1,-1
39,2,1206,24,84,203,1,-1,-1,-1
40,1,1288,69,101,242,1,-1,-1,-1
40,2,1206,24,84,203,1,-1,-1,-1
41,1,1288,69,102,243,1,-1,-1,-1
41,2,1205,23,85,204,1,-1,-1,-1
42,1,1287,70,103,242,1,-1,-1,-1
42,2,1205,23,84,204,1,-1,-1,-1
43,1,1288,69,103,243,1,-1,-1,-1
43,2,1205,23,84,204,1,-1,-1,-1
44,1,1288,68,102,241,1,-1,-1,-1
44,2,1205,23,83,204,1,-1,-1,-1
45,1,1289,68,100,240,1,-1,-1,-1
45,2,1205,23,82,204,1,-1,-1,-1
46,1,1288,68,98,239,1,-1,-1,-1
46,2,1204,23,82,204,1,-1,-1,-1
46,3,541,191,227,582,1,-1,-1,-1
47,1,1288,67,95,239,1,-1,-1,-1
47,2,1204,22,80,204,1,-1,-1,-1
48,1,1286,65,94,240,1,-1,-1,-1
48,2,1204,22,79,204,1,-1,-1,-1
49,1,1282,63,94,242,1,-1,-1,-1
49,2,1204,21,78,205,1,-1,-1,-1
50,1,1280,60,93,244,1,-1,-1,-1
50,2,1205,21,77,205,1,-1,-1,-1
51,2,1205,21,76,205,1,-1,-1,-1
52,2,1205,21,76,206,1,-1,-1,-1
53,2,1205,21,76,206,1,-1,-1,-1
54,2,1205,21,76,206,1,-1,-1,-1
55,2,1205,21,76,206,1,-1,-1,-1
56,2,1205,21,75,206,1,-1,-1,-1
57,2,1205,21,75,206,1,-1,-1,-1
58,2,1205,22,75,205,1,-1,-1,-1
59,2,1205,22,74,204,1,-1,-1,-1
60,2,1205,22,74,204,1,-1,-1,-1
61,2,1205,22,73,204,1,-1,-1,-1
62,2,1205,22,72,204,1,-1,-1,-1
63,2,1204,22,72,204,1,-1,-1,-1
64,1,1246,55,97,246,1,-1,-1,-1
64,2,1204,23,71,204,1,-1,-1,-1
65,1,1243,54,97,247,1,-1,-1,-1
66,1,1241,55,96,249,1,-1,-1,-1
67,1,1236,55,93,250,1,-1,-1,-1
69,2,1208,30,75,191,1,-1,-1,-1
76,1,1217,61,100,268,1,-1,-1,-1
77,1,1214,61,100,271,1,-1,-1,-1
78,1,1211,59,99,274,1,-1,-1,-1
79,1,1207,60,99,277,1,-1,-1,-1
80,1,1205,68,100,284,1,-1,-1,-1
81,3,555,163,222,549,1,-1,-1,-1
82,3,549,163,227,548,1,-1,-1,-1
83,3,545,163,231,548,1,-1,-1,-1
84,3,543,163,234,548,1,-1,-1,-1
84,1,1216,74,104,297,1,-1,-1,-1
85,3,543,162,236,549,1,-1,-1,-1
85,1,1214,74,109,304,1,-1,-1,-1
86,3,544,162,236,548,1,-1,-1,-1
86,1,1210,75,112,312,1,-1,-1,-1
87,3,544,162,236,548,1,-1,-1,-1
88,3,543,163,237,547,1,-1,-1,-1
89,3,543,163,237,547,1,-1,-1,-1
90,3,543,163,238,547,1,-1,-1,-1
91,3,543,164,239,546,1,-1,-1,-1
92,3,543,164,239,546,1,-1,-1,-1
93,3,543,164,239,546,1,-1,-1,-1
94,3,543,164,240,546,1,-1,-1,-1
94,1,1174,89,128,359,1,-1,-1,-1
95,3,543,164,240,545,1,-1,-1,-1
95,1,1161,91,134,367,1,-1,-1,-1
96,3,543,164,239,545,1,-1,-1,-1
96,1,1151,94,139,376,1,-1,-1,-1
97,3,542,164,240,545,1,-1,-1,-1
97,1,1142,95,139,383,1,-1,-1,-1
98,3,542,164,240,546,1,-1,-1,-1
98,4,1264,41,48,113,1,-1,-1,-1
99,3,541,164,241,546,1,-1,-1,-1
100,3,541,164,241,546,1,-1,-1,-1
101,3,540,164,242,546,1,-1,-1,-1
102,3,540,164,242,546,1,-1,-1,-1
102,1,1108,107,151,426,1,-1,-1,-1
103,3,540,164,242,546,1,-1,-1,-1
103,1,1107,107,158,436,1,-1,-1,-1
104,3,539,164,243,546,1,-1,-1,-1
104,1,1102,104,168,445,1,-1,-1,-1
105,3,539,164,243,546,1,-1,-1,-1
105,1,1098,103,182,450,1,-1,-1,-1
106,3,540,164,243,546,1,-1,-1,-1
107,3,540,164,243,545,1,-1,-1,-1
108,3,540,164,243,545,1,-1,-1,-1
109,3,539,164,243,546,1,-1,-1,-1
109,1,1040,110,198,471,1,-1,-1,-1
110,3,537,164,244,545,1,-1,-1,-1
110,1,1029,109,190,475,1,-1,-1,-1
111,3,532,165,245,545,1,-1,-1,-1
111,1,1018,108,183,479,1,-1,-1,-1
112,3,525,165,241,544,1,-1,-1,-1
112,1,1008,110,178,483,1,-1,-1,-1
113,3,516,163,234,544,1,-1,-1,-1
114,3,510,162,232,545,1,-1,-1,-1
115,3,507,161,231,546,1,-1,-1,-1
116,3,503,161,230,547,1,-1,-1,-1
117,3,500,160,230,547,1,-1,-1,-1
118,3,499,157,231,546,1,-1,-1,-1
119,3,498,154,232,541,1,-1,-1,-1
120,3,490,153,237,538,1,-1,-1,-1
121,3,485,152,242,536,1,-1,-1,-1
121,1,833,160,201,567,1,-1,-1,-1
122,3,480,152,246,534,1,-1,-1,-1
122,1,806,164,202,577,1,-1,-1,-1
123,3,478,153,249,533,1,-1,-1,-1
123,1,786,166,203,580,1,-1,-1,-1
123,5,1061,119,191,526,1,-1,-1,-1
124,5,1043,118,195,541,1,-1,-1,-1
124,3,475,153,253,532,1,-1,-1,-1
124,1,764,173,208,576,1,-1,-1,-1
124,6,1165,108,96,226,1,-1,-1,-1
125,5,1027,115,202,551,1,-1,-1,-1
125,1,746,178,211,568,1,-1,-1,-1
126,5,1010,125,213,579,1,-1,-1,-1
126,1,730,188,215,558,1,-1,-1,-1
127,5,987,138,222,606,1,-1,-1,-1
127,1,698,201,223,575,1,-1,-1,-1
128,3,472,154,260,532,1,-1,-1,-1
128,1,668,203,234,592,1,-1,-1,-1
129,3,467,154,253,531,1,-1,-1,-1
129,1,634,216,241,595,1,-1,-1,-1
130,3,463,155,243,530,1,-1,-1,-1
130,1,597,223,246,595,1,-1,-1,-1
131,1,545,236,257,612,1,-1,-1,-1
132,1,505,242,276,625,1,-1,-1,-1
133,5,834,138,248,639,1,-1,-1,-1
134,5,793,129,239,629,1,-1,-1,-1
134,1,505,221,235,511,1,-1,-1,-1
135,1,470,233,242,528,1,-1,-1,-1
136,3,532,160,198,476,1,-1,-1,-1
137,3,521,162,206,486,1,-1,-1,-1
137,7,1130,126,181,521,1,-1,-1,-1
138,7,1110,125,184,531,1,-1,-1,-1
138,3,504,163,216,495,1,-1,-1,-1
139,5,643,151,250,629,1,-1,-1,-1
139,7,1094,124,185,537,1,-1,-1,-1
139,3,490,166,221,506,1,-1,-1,-1
140,5,612,157,249,624,1,-1,-1,-1
140,7,1074,124,191,541,1,-1,-1,-1
140,3,484,164,225,513,1,-1,-1,-1
141,5,575,163,239,618,1,-1,-1,-1
141,7,1047,130,201,550,1,-1,-1,-1
141,3,473,162,212,516,1,-1,-1,-1
142,5,536,157,246,621,1,-1,-1,-1
142,7,1025,131,201,561,1,-1,-1,-1
143,5,520,164,250,617,1,-1,-1,-1
143,7,1005,131,201,567,1,-1,-1,-1
144,5,500,167,255,613,1,-1,-1,-1
144,7,985,133,204,580,1,-1,-1,-1
145,5,478,169,251,608,1,-1,-1,-1
145,7,963,140,207,594,1,-1,-1,-1
146,5,439,172,255,599,1,-1,-1,-1
146,3,542,162,189,473,1,-1,-1,-1
147,3,535,165,191,481,1,-1,-1,-1
148,3,527,165,198,488,1,-1,-1,-1
149,8,601,203,242,626,1,-1,-1,-1
150,8,565,211,253,636,1,-1,-1,-1
151,8,529,214,272,644,1,-1,-1,-1
152,8,492,214,278,647,1,-1,-1,-1
153,8,424,220,276,644,1,-1,-1,-1
154,8,385,227,282,639,1,-1,-1,-1
155,3,519,174,209,501,1,-1,-1,-1
156,3,516,159,196,490,1,-1,-1,-1
159,7,531,187,239,656,1,-1,-1,-1
164,3,680,170,219,538,1,-1,-1,-1
182,3,1160,87,126,354,1,-1,-1,-1
188,3,1193,71,104,290,1,-1,-1,-1
189,3,1193,72,104,286,1,-1,-1,-1
190,3,1196,71,101,281,1,-1,-1,-1
191,3,1202,65,96,268,1,-1,-1,-1
197,3,1228,62,81,226,1,-1,-1,-1
198,3,1230,63,81,224,1,-1,-1,-1
203,3,1257,61,72,207,1,-1,-1,-1
270,3,1206,46,96,251,1,-1,-1,-1
286,3,1221,83,110,312,1,-1,-1,-1
287,3,1226,82,112,315,1,-1,-1,-1
288,3,1227,88,116,322,1,-1,-1,-1
289,3,1224,91,120,329,1,-1,-1,-1
290,3,1220,93,124,334,1,-1,-1,-1
291,3,1216,93,123,338,1,-1,-1,-1
292,3,1212,94,123,343,1,-1,-1,-1
298,3,1168,102,143,374,1,-1,-1,-1
299,3,1161,101,149,376,1,-1,-1,-1
300,3,1157,101,154,377,1,-1,-1,-1
301,3,1155,100,157,378,1,-1,-1,-1
302,3,1154,100,158,379,1,-1,-1,-1
303,3,1154,100,159,379,1,-1,-1,-1
304,3,1153,100,161,379,1,-1,-1,-1
305,3,1153,100,161,378,1,-1,-1,-1
306,3,1153,100,161,378,1,-1,-1,-1
322,9,78,314,206,510,1,-1,-1,-1
323,9,77,312,202,510,1,-1,-1,-1
324,9,74,308,205,515,1,-1,-1,-1
325,9,93,301,192,463,1,-1,-1,-1
326,9,93,313,202,463,1,-1,-1,-1
330,9,85,339,212,488,1,-1,-1,-1
331,9,80,335,215,497,1,-1,-1,-1
332,9,77,339,217,502,1,-1,-1,-1
332,10,22,379,142,371,1,-1,-1,-1
333,10,26,380,140,374,1,-1,-1,-1
333,9,78,343,215,506,1,-1,-1,-1
334,9,78,346,215,504,1,-1,-1,-1
335,9,79,347,214,502,1,-1,-1,-1
338,3,828,145,204,518,1,-1,-1,-1
339,3,823,145,208,520,1,-1,-1,-1
340,3,810,147,203,520,1,-1,-1,-1
342,9,78,345,223,501,1,-1,-1,-1
343,9,78,344,224,502,1,-1,-1,-1
344,9,83,338,222,502,1,-1,-1,-1
345,9,90,319,220,498,1,-1,-1,-1
345,11,233,272,197,433,1,-1,-1,-1
346,9,93,311,218,496,1,-1,-1,-1
346,11,254,270,198,428,1,-1,-1,-1
347,9,94,309,217,494,1,-1,-1,-1
347,11,261,270,200,424,1,-1,-1,-1
348,9,95,308,216,493,1,-1,-1,-1
348,11,263,271,201,422,1,-1,-1,-1
354,9,146,322,177,454,1,-1,-1,-1
355,9,153,315,173,454,1,-1,-1,-1
355,12,637,229,221,571,1,-1,-1,-1
360,12,840,178,260,586,1,-1,-1,-1
360,1,508,226,266,648,1,-1,-1,-1
360,9,264,238,197,472,1,-1,-1,-1
361,12,910,170,246,576,1,-1,-1,-1
361,9,310,233,195,482,1,-1,-1,-1
362,12,943,168,243,570,1,-1,-1,-1
362,9,344,226,193,493,1,-1,-1,-1
363,12,959,166,248,568,1,-1,-1,-1
363,9,377,220,202,508,1,-1,-1,-1
364,12,962,166,253,566,1,-1,-1,-1
364,9,387,215,209,519,1,-1,-1,-1
365,12,1021,152,245,559,1,-1,-1,-1
366,12,1070,149,229,550,1,-1,-1,-1
367,12,1090,150,218,543,1,-1,-1,-1
368,12,1098,151,210,539,1,-1,-1,-1
369,12,1130,126,197,514,1,-1,-1,-1
370,12,1149,123,190,495,1,-1,-1,-1
371,12,1159,122,190,478,1,-1,-1,-1
372,12,1162,124,189,467,1,-1,-1,-1
373,12,1188,116,180,449,1,-1,-1,-1
374,12,1220,116,167,434,1,-1,-1,-1
375,12,1236,120,157,420,1,-1,-1,-1
375,7,772,127,243,607,1,-1,-1,-1
376,12,1243,124,149,411,1,-1,-1,-1
376,7,789,127,240,607,1,-1,-1,-1
377,7,808,122,238,608,1,-1,-1,-1
385,7,1077,92,200,514,1,-1,-1,-1
392,7,1172,76,166,457,1,-1,-1,-1
393,7,1175,77,163,446,1,-1,-1,-1
394,7,1176,79,160,438,1,-1,-1,-1
399,7,1164,61,135,387,1,-1,-1,-1
400,7,1167,62,131,378,1,-1,-1,-1
401,7,1168,64,129,371,1,-1,-1,-1
402,7,1175,56,124,359,1,-1,-1,-1
410,7,1197,50,108,307,1,-1,-1,-1
411,7,1205,48,109,296,1,-1,-1,-1
412,7,1217,48,106,292,1,-1,-1,-1
413,7,1225,49,103,286,1,-1,-1,-1
421,7,1243,47,91,255,1,-1,-1,-1
442,3,1198,38,80,232,1,-1,-1,-1
443,3,1195,40,80,234,1,-1,-1,-1
444,3,1192,42,80,234,1,-1,-1,-1
464,13,1232,75,114,320,1,-1,-1,-1
465,13,1232,78,118,320,1,-1,-1,-1
466,13,1232,82,122,323,1,-1,-1,-1
467,13,1232,83,124,325,1,-1,-1,-1
468,13,1231,87,122,332,1,-1,-1,-1
469,13,1229,87,121,336,1,-1,-1,-1
470,13,1225,87,122,339,1,-1,-1,-1
471,13,1222,89,122,343,1,-1,-1,-1
472,13,1216,96,126,355,1,-1,-1,-1
478,13,1168,105,156,387,1,-1,-1,-1
479,13,1157,105,156,393,1,-1,-1,-1
480,13,1153,102,153,399,1,-1,-1,-1
481,13,1139,104,153,408,1,-1,-1,-1
482,13,1134,103,152,414,1,-1,-1,-1
483,13,1132,101,152,419,1,-1,-1,-1
484,13,1107,117,157,436,1,-1,-1,-1
485,13,1061,93,152,424,1,-1,-1,-1
486,13,1035,84,150,420,1,-1,-1,-1
487,13,1043,106,158,440,1,-1,-1,-1
488,13,1012,126,169,463,1,-1,-1,-1
489,13,994,129,171,479,1,-1,-1,-1
494,7,1198,104,155,432,1,-1,-1,-1
495,7,1191,102,160,440,1,-1,-1,-1
496,7,1168,107,173,461,1,-1,-1,-1
497,7,1153,114,181,479,1,-1,-1,-1
498,7,1146,114,186,490,1,-1,-1,-1
498,13,676,156,255,566,1,-1,-1,-1
499,7,1140,111,186,497,1,-1,-1,-1
499,13,615,159,253,573,1,-1,-1,-1
499,3,916,113,187,500,1,-1,-1,-1
500,7,1122,121,192,517,1,-1,-1,-1
500,13,552,171,252,583,1,-1,-1,-1
501,7,1109,132,198,538,1,-1,-1,-1
501,13,513,177,261,587,1,-1,-1,-1
502,7,1097,144,207,561,1,-1,-1,-1
503,7,1090,147,213,576,1,-1,-1,-1
504,7,1083,149,216,583,1,-1,-1,-1
505,7,1060,150,225,588,1,-1,-1,-1
506,7,1023,157,243,603,1,-1,-1,-1
507,7,1007,158,255,612,1,-1,-1,-1
508,7,972,164,250,621,1,-1,-1,-1
509,7,927,164,251,629,1,-1,-1,-1
510,7,881,171,257,643,1,-1,-1,-1
511,7,838,168,263,642,1,-1,-1,-1
512,7,802,176,263,632,1,-1,-1,-1
513,7,771,204,265,654,1,-1,-1,-1
516,13,6,372,228,480,1,-1,-1,-1
518,3,679,174,184,531,1,-1,-1,-1
518,7,539,216,281,685,1,-1,-1,-1
519,7,482,199,292,676,1,-1,-1,-1
520,7,435,200,287,677,1,-1,-1,-1
521,7,399,195,282,665,1,-1,-1,-1
522,7,378,197,285,650,1,-1,-1,-1
523,7,370,201,287,638,1,-1,-1,-1
524,7,329,196,278,616,1,-1,-1,-1
524,8,128,337,207,474,1,-1,-1,-1
525,8,158,310,199,465,1,-1,-1,-1
525,7,296,199,272,593,1,-1,-1,-1
526,8,172,294,195,457,1,-1,-1,-1
526,12,521,246,254,644,1,-1,-1,-1
527,12,520,248,250,637,1,-1,-1,-1
527,8,183,288,194,452,1,-1,-1,-1
528,12,521,252,248,631,1,-1,-1,-1
528,8,193,284,201,447,1,-1,-1,-1
529,12,519,255,248,627,1,-1,-1,-1
529,8,199,291,212,461,1,-1,-1,-1
530,12,516,262,250,624,1,-1,-1,-1
531,12,515,264,252,622,1,-1,-1,-1
531,11,71,307,238,558,1,-1,-1,-1
532,11,98,288,225,523,1,-1,-1,-1
532,12,502,265,256,618,1,-1,-1,-1
533,11,114,298,211,502,1,-1,-1,-1
533,12,495,266,260,616,1,-1,-1,-1
534,11,132,332,197,475,1,-1,-1,-1
534,12,489,266,263,614,1,-1,-1,-1
535,11,150,305,193,480,1,-1,-1,-1
535,12,464,273,262,616,1,-1,-1,-1
539,11,151,296,178,480,1,-1,-1,-1
540,11,139,319,178,473,1,-1,-1,-1
541,11,131,320,181,475,1,-1,-1,-1
542,11,125,306,183,481,1,-1,-1,-1
542,9,199,283,201,444,1,-1,-1,-1
543,11,120,297,179,484,1,-1,-1,-1
546,12,460,257,265,627,1,-1,-1,-1
547,12,469,254,264,630,1,-1,-1,-1
548,12,501,248,264,634,1,-1,-1,-1
549,12,546,239,259,637,1,-1,-1,-1
550,12,578,231,254,641,1,-1,-1,-1
550,3,367,234,231,561,1,-1,-1,-1
551,12,602,219,245,640,1,-1,-1,-1
551,9,229,234,205,474,1,-1,-1,-1
554,8,1046,138,195,523,1,-1,-1,-1
555,8,1080,128,185,511,1,-1,-1,-1
556,8,1101,119,178,491,1,-1,-1,-1
557,8,1119,116,170,475,1,-1,-1,-1
558,8,1134,118,165,465,1,-1,-1,-1
558,12,812,166,256,565,1,-1,-1,-1
559,8,1150,116,171,461,1,-1,-1,-1
559,12,847,164,248,561,1,-1,-1,-1
560,8,1167,108,172,447,1,-1,-1,-1
560,12,873,159,235,555,1,-1,-1,-1
561,8,1198,107,163,432,1,-1,-1,-1
561,12,888,155,224,552,1,-1,-1,-1
562,12,900,155,215,548,1,-1,-1,-1
563,12,911,156,206,543,1,-1,-1,-1
564,12,917,159,200,537,1,-1,-1,-1
568,12,862,165,235,615,1,-1,-1,-1
569,12,905,163,243,625,1,-1,-1,-1
570,8,1250,96,118,334,1,-1,-1,-1
570,12,939,159,246,632,1,-1,-1,-1
571,8,1249,96,116,327,1,-1,-1,-1
571,12,970,156,245,636,1,-1,-1,-1
572,12,1007,150,238,637,1,-1,-1,-1
573,12,1038,130,227,623,1,-1,-1,-1
575,8,1243,79,96,275,1,-1,-1,-1
576,8,1248,63,85,230,1,-1,-1,-1
577,8,1254,60,75,193,1,-1,-1,-1
578,12,1144,95,196,542,1,-1,-1,-1
579,12,1151,85,199,515,1,-1,-1,-1
580,12,1155,85,200,498,1,-1,-1,-1
581,12,1158,89,199,484,1,-1,-1,-1
582,12,1172,70,184,457,1,-1,-1,-1
589,12,1199,59,142,357,1,-1,-1,-1
590,12,1196,61,137,346,1,-1,-1,-1
591,12,1196,62,130,335,1,-1,-1,-1
592,12,1198,56,123,323,1,-1,-1,-1
593,12,1204,50,114,309,1,-1,-1,-1
594,12,1209,53,108,298,1,-1,-1,-1
599,12,1207,51,102,257,1,-1,-1,-1
599,11,306,256,202,444,1,-1,-1,-1
600,12,1207,53,100,253,1,-1,-1,-1
601,12,1212,52,94,249,1,-1,-1,-1
606,12,1243,54,87,219,1,-1,-1,-1
610,14,1296,59,80,206,1,-1,-1,-1
611,14,1301,61,83,205,1,-1,-1,-1
616,11,-2,454,111,276,1,-1,-1,-1
617,11,0,460,112,275,1,-1,-1,-1
636,11,-6,532,124,302,1,-1,-1,-1
740,8,1238,39,78,226,1,-1,-1,-1
753,8,1249,48,79,222,1,-1,-1,-1
754,8,1249,48,80,222,1,-1,-1,-1
755,8,1249,48,80,222,1,-1,-1,-1
756,8,1249,47,80,223,1,-1,-1,-1
757,8,1250,46,80,225,1,-1,-1,-1
759,15,1283,77,80,208,1,-1,-1,-1
765,16,1232,72,107,230,1,-1,-1,-1
766,16,1232,78,109,232,1,-1,-1,-1
767,16,1232,81,109,233,1,-1,-1,-1
768,16,1232,82,110,234,1,-1,-1,-1
769,16,1235,83,112,234,1,-1,-1,-1
770,16,1250,87,107,232,1,-1,-1,-1
771,16,1259,88,107,236,1,-1,-1,-1
772,16,1263,92,110,240,1,-1,-1,-1
773,16,1267,95,114,245,1,-1,-1,-1
777,16,1280,46,102,234,1,-1,-1,-1
787,16,1306,104,107,241,1,-1,-1,-1
788,16,1307,98,103,237,1,-1,-1,-1
789,16,1310,102,94,228,1,-1,-1,-1
792,12,1180,46,111,279,1,-1,-1,-1
793,12,1179,45,107,281,1,-1,-1,-1
794,8,1240,78,112,305,1,-1,-1,-1
795,8,1235,78,110,307,1,-1,-1,-1
800,8,1194,90,128,344,1,-1,-1,-1
801,8,1184,95,132,355,1,-1,-1,-1
802,8,1176,95,134,362,1,-1,-1,-1
803,8,1170,95,133,366,1,-1,-1,-1
805,16,1243,113,118,312,1,-1,-1,-1
806,16,1234,116,126,322,1,-1,-1,-1
807,16,1228,115,129,328,1,-1,-1,-1
809,8,1093,106,162,419,1,-1,-1,-1
810,8,1081,110,168,433,1,-1,-1,-1
811,8,1073,110,169,444,1,-1,-1,-1
812,8,1061,108,169,451,1,-1,-1,-1
812,7,104,284,224,557,1,-1,-1,-1
812,3,374,257,221,493,1,-1,-1,-1
813,7,115,284,213,554,1,-1,-1,-1
813,3,388,254,220,502,1,-1,-1,-1
813,8,1057,106,169,457,1,-1,-1,-1
814,16,1173,137,161,390,1,-1,-1,-1
815,16,1162,135,163,399,1,-1,-1,-1
816,16,1155,132,161,405,1,-1,-1,-1
817,16,1137,139,164,421,1,-1,-1,-1
818,16,1127,143,165,438,1,-1,-1,-1
819,16,1119,145,166,449,1,-1,-1,-1
820,16,1108,144,166,458,1,-1,-1,-1
820,8,949,133,184,513,1,-1,-1,-1
821,7,400,194,240,570,1,-1,-1,-1
821,16,1091,141,169,464,1,-1,-1,-1
822,7,434,186,254,584,1,-1,-1,-1
822,16,1060,141,181,468,1,-1,-1,-1
823,7,480,181,254,591,1,-1,-1,-1
823,16,1024,140,182,470,1,-1,-1,-1
824,7,513,174,250,599,1,-1,-1,-1
824,16,1005,138,181,473,1,-1,-1,-1
825,7,535,169,241,605,1,-1,-1,-1
825,16,984,136,176,475,1,-1,-1,-1
825,11,226,281,180,428,1,-1,-1,-1
826,11,262,262,188,435,1,-1,-1,-1
828,3,805,217,224,523,1,-1,-1,-1
829,3,834,221,229,539,1,-1,-1,-1
830,3,846,219,238,554,1,-1,-1,-1
831,11,394,201,222,527,1,-1,-1,-1
831,3,857,221,242,574,1,-1,-1,-1
832,11,412,199,229,549,1,-1,-1,-1
832,3,872,222,243,598,1,-1,-1,-1
833,11,433,190,241,562,1,-1,-1,-1
833,3,883,218,248,613,1,-1,-1,-1
834,11,459,185,236,568,1,-1,-1,-1
834,3,903,212,250,624,1,-1,-1,-1
835,11,476,182,228,571,1,-1,-1,-1
835,3,928,209,247,629,1,-1,-1,-1
836,3,953,207,246,633,1,-1,-1,-1
837,3,986,204,251,639,1,-1,-1,-1
838,3,1010,202,253,642,1,-1,-1,-1
839,3,1031,200,250,645,1,-1,-1,-1
840,3,1050,198,244,646,1,-1,-1,-1
841,3,1062,197,237,646,1,-1,-1,-1
842,3,1068,192,232,646,1,-1,-1,-1
843,3,1072,182,227,638,1,-1,-1,-1
844,3,1075,176,223,631,1,-1,-1,-1
845,3,1079,171,220,624,1,-1,-1,-1
846,3,1081,173,219,625,1,-1,-1,-1
847,3,1084,169,217,622,1,-1,-1,-1
848,3,1083,167,215,618,1,-1,-1,-1
849,11,617,260,237,655,1,-1,-1,-1
849,3,1085,166,212,614,1,-1,-1,-1
850,11,682,186,226,636,1,-1,-1,-1
850,3,1092,164,210,610,1,-1,-1,-1
851,11,712,163,222,626,1,-1,-1,-1
851,3,1095,165,210,606,1,-1,-1,-1
852,3,1099,163,211,602,1,-1,-1,-1
853,3,1101,158,215,595,1,-1,-1,-1
854,3,1105,152,218,586,1,-1,-1,-1
855,3,1101,151,221,580,1,-1,-1,-1
856,3,1101,149,220,576,1,-1,-1,-1
857,3,1097,147,214,572,1,-1,-1,-1
857,7,611,273,226,617,1,-1,-1,-1
858,7,582,274,233,620,1,-1,-1,-1
859,7,559,276,243,621,1,-1,-1,-1
860,11,807,161,229,619,1,-1,-1,-1
861,11,819,156,227,620,1,-1,-1,-1
861,5,924,220,256,660,1,-1,-1,-1
862,5,917,228,264,677,1,-1,-1,-1
863,5,917,237,267,704,1,-1,-1,-1
864,5,915,237,267,719,1,-1,-1,-1
865,5,913,238,263,731,1,-1,-1,-1
866,5,911,238,262,738,1,-1,-1,-1
867,5,901,211,256,698,1,-1,-1,-1
867,17,675,264,236,593,1,-1,-1,-1
868,17,699,260,232,594,1,-1,-1,-1
868,5,890,221,248,679,1,-1,-1,-1
869,17,723,255,225,596,1,-1,-1,-1
873,5,863,219,241,607,1,-1,-1,-1
874,5,848,211,252,598,1,-1,-1,-1
876,18,1231,84,86,214,1,-1,-1,-1
882,19,985,172,216,614,1,-1,-1,-1
883,19,978,154,212,597,1,-1,-1,-1
884,19,975,147,205,583,1,-1,-1,-1
884,5,765,171,273,600,1,-1,-1,-1
885,5,777,171,268,602,1,-1,-1,-1
886,5,797,168,260,607,1,-1,-1,-1
887,5,837,163,251,611,1,-1,-1,-1
888,5,866,156,249,618,1,-1,-1,-1
889,5,893,152,248,622,1,-1,-1,-1
890,5,922,151,242,625,1,-1,-1,-1
898,13,1224,64,74,189,1,-1,-1,-1
901,5,1165,108,210,534,1,-1,-1,-1
902,5,1190,108,203,524,1,-1,-1,-1
903,5,1207,111,193,516,1,-1,-1,-1
903,17,848,185,223,560,1,-1,-1,-1
904,5,1216,113,186,509,1,-1,-1,-1
905,5,1225,90,178,473,1,-1,-1,-1
906,5,1232,87,170,450,1,-1,-1,-1
907,17,964,180,231,568,1,-1,-1,-1
907,5,1245,86,159,433,1,-1,-1,-1
908,17,986,177,235,564,1,-1,-1,-1
908,5,1252,88,152,421,1,-1,-1,-1
909,17,1009,174,235,564,1,-1,-1,-1
909,5,1256,92,148,412,1,-1,-1,-1
910,17,1014,167,244,568,1,-1,-1,-1
910,5,1263,96,147,400,1,-1,-1,-1
910,20,1286,54,45,121,1,-1,-1,-1
911,20,1290,55,45,121,1,-1,-1,-1
911,17,1022,161,244,572,1,-1,-1,-1
911,5,1270,97,144,388,1,-1,-1,-1
912,20,1295,55,44,121,1,-1,-1,-1
912,17,1032,151,236,570,1,-1,-1,-1
912,5,1276,95,144,374,1,-1,-1,-1
913,17,1045,137,225,562,1,-1,-1,-1
913,5,1279,94,145,365,1,-1,-1,-1
914,5,1272,92,147,358,1,-1,-1,-1
915,5,1266,91,147,354,1,-1,-1,-1
916,5,1261,91,145,351,1,-1,-1,-1
917,5,1254,84,139,348,1,-1,-1,-1
918,5,1249,78,134,345,1,-1,-1,-1
919,17,1094,95,177,464,1,-1,-1,-1
919,5,1246,75,130,340,1,-1,-1,-1
920,17,1095,96,175,454,1,-1,-1,-1
920,5,1245,74,127,338,1,-1,-1,-1
921,17,1096,99,172,446,1,-1,-1,-1
922,17,1098,91,166,433,1,-1,-1,-1
923,17,1102,85,159,419,1,-1,-1,-1
924,17,1104,85,153,407,1,-1,-1,-1
928,17,1129,84,137,369,1,-1,-1,-1
929,17,1138,84,130,361,1,-1,-1,-1
937,5,1221,109,145,361,1,-1,-1,-1
938,5,1228,110,152,362,1,-1,-1,-1
939,5,1241,110,152,363,1,-1,-1,-1
940,5,1230,119,162,379,1,-1,-1,-1
940,13,1236,41,62,151,1,-1,-1,-1
941,13,1233,39,65,150,1,-1,-1,-1
942,17,1170,118,114,320,1,-1,-1,-1
943,17,1166,120,120,320,1,-1,-1,-1
944,17,1151,134,147,374,1,-1,-1,-1
945,17,1179,128,144,372,1,-1,-1,-1
958,17,1137,111,186,452,1,-1,-1,-1
962,11,1094,69,154,415,1,-1,-1,-1
963,11,1087,75,153,417,1,-1,-1,-1
963,17,1207,123,151,397,1,-1,-1,-1
967,17,1236,109,145,378,1,-1,-1,-1
968,17,1248,103,141,368,1,-1,-1,-1
968,3,1149,86,135,355,1,-1,-1,-1
969,3,1142,83,135,359,1,-1,-1,-1
969,17,1259,100,133,360,1,-1,-1,-1
969,5,486,160,241,612,1,-1,-1,-1
970,3,1137,89,135,370,1,-1,-1,-1
970,5,485,160,233,606,1,-1,-1,-1
970,17,1261,100,130,354,1,-1,-1,-1
971,3,1119,100,143,388,1,-1,-1,-1
971,5,496,155,232,598,1,-1,-1,-1
971,17,1255,100,129,350,1,-1,-1,-1
971,11,926,124,191,516,1,-1,-1,-1
972,3,1114,102,146,399,1,-1,-1,-1
972,5,508,154,232,593,1,-1,-1,-1
972,11,904,136,199,540,1,-1,-1,-1
972,17,1252,100,125,348,1,-1,-1,-1
973,3,1114,100,146,405,1,-1,-1,-1
973,5,518,155,228,589,1,-1,-1,-1
973,11,880,144,212,561,1,-1,-1,-1
974,3,1111,99,147,409,1,-1,-1,-1
974,5,527,156,224,585,1,-1,-1,-1
974,11,852,146,221,575,1,-1,-1,-1
975,3,1095,104,155,420,1,-1,-1,-1
975,5,535,155,218,583,1,-1,-1,-1
975,11,823,146,226,582,1,-1,-1,-1
976,3,1067,116,164,437,1,-1,-1,-1
976,5,543,154,212,578,1,-1,-1,-1
976,11,764,164,224,599,1,-1,-1,-1
976,17,1231,79,119,314,1,-1,-1,-1
977,3,1052,117,166,448,1,-1,-1,-1
977,5,551,154,205,575,1,-1,-1,-1
977,11,725,178,234,617,1,-1,-1,-1
977,17,1227,81,119,309,1,-1,-1,-1
978,3,1040,115,166,455,1,-1,-1,-1
978,11,684,185,247,627,1,-1,-1,-1
979,3,1003,129,179,486,1,-1,-1,-1
979,11,604,203,255,645,1,-1,-1,-1
980,3,979,141,190,514,1,-1,-1,-1
981,3,963,147,199,531,1,-1,-1,-1
994,16,1157,94,167,426,1,-1,-1,-1
995,16,1153,91,171,433,1,-1,-1,-1
996,16,1146,98,174,448,1,-1,-1,-1
997,16,1141,107,178,469,1,-1,-1,-1
998,16,1138,113,182,487,1,-1,-1,-1
999,16,1136,117,187,503,1,-1,-1,-1
1000,16,1133,117,191,513,1,-1,-1,-1
1001,16,1127,117,193,519,1,-1,-1,-1
1002,16,1104,122,204,531,1,-1,-1,-1
1002,5,954,83,200,495,1,-1,-1,-1
1003,16,1067,134,214,548,1,-1,-1,-1
1004,16,1037,133,221,563,1,-1,-1,-1
1005,16,1004,130,228,574,1,-1,-1,-1
1006,16,975,133,239,590,1,-1,-1,-1
1007,16,944,141,250,611,1,-1,-1,-1
1008,16,905,146,243,612,1,-1,-1,-1
1009,16,855,148,253,612,1,-1,-1,-1
1010,16,817,148,248,609,1,-1,-1,-1
1010,21,1252,64,85,230,1,-1,-1,-1
1011,16,764,158,236,612,1,-1,-1,-1
1012,16,707,169,251,619,1,-1,-1,-1
1013,16,671,179,267,624,1,-1,-1,-1
1023,5,1218,70,146,343,1,-1,-1,-1
1024,5,1225,70,149,341,1,-1,-1,-1
1025,5,1235,70,147,339,1,-1,-1,-1
1026,5,1248,69,139,337,1,-1,-1,-1
1027,5,1255,67,131,336,1,-1,-1,-1
1028,5,1252,67,127,334,1,-1,-1,-1
1029,5,1248,65,123,333,1,-1,-1,-1
1038,22,1240,56,79,184,1,-1,-1,-1
1039,22,1238,56,81,187,1,-1,-1,-1
1045,17,1112,136,186,463,1,-1,-1,-1
1046,17,1099,143,185,474,1,-1,-1,-1
1047,17,1091,143,183,482,1,-1,-1,-1
1048,17,1072,140,191,490,1,-1,-1,-1
1049,17,1049,145,205,507,1,-1,-1,-1
1050,17,1024,155,219,531,1,-1,-1,-1
1051,17,998,167,220,544,1,-1,-1,-1
1051,5,1161,86,143,338,1,-1,-1,-1
1052,5,1150,91,150,360,1,-1,-1,-1
1053,5,1143,92,154,376,1,-1,-1,-1
1054,5,1146,98,153,390,1,-1,-1,-1
1055,5,1150,97,152,401,1,-1,-1,-1
1056,5,1152,95,152,409,1,-1,-1,-1
1056,17,880,182,216,561,1,-1,-1,-1
1057,5,1138,94,165,416,1,-1,-1,-1
1057,17,826,181,216,564,1,-1,-1,-1
1058,17,784,180,221,562,1,-1,-1,-1
1059,17,753,200,228,587,1,-1,-1,-1
1060,17,711,213,238,597,1,-1,-1,-1
1061,17,667,219,253,603,1,-1,-1,-1
1062,5,1058,85,172,451,1,-1,-1,-1
1063,5,1035,90,188,472,1,-1,-1,-1
1064,5,1019,96,204,490,1,-1,-1,-1
1065,5,1009,100,213,503,1,-1,-1,-1
1066,5,1005,105,216,516,1,-1,-1,-1
1067,5,1004,106,208,524,1,-1,-1,-1
1069,17,427,225,230,586,1,-1,-1,-1
1070,17,410,232,240,576,1,-1,-1,-1
1071,5,945,110,212,535,1,-1,-1,-1
1072,5,923,112,213,538,1,-1,-1,-1
1073,5,913,110,210,543,1,-1,-1,-1
1074,5,908,109,206,544,1,-1,-1,-1
1078,17,199,269,202,467,1,-1,-1,-1
1079,17,196,283,197,453,1,-1,-1,-1
1080,5,762,140,215,599,1,-1,-1,-1
1080,17,196,300,192,444,1,-1,-1,-1
1084,5,659,156,236,598,1,-1,-1,-1
1085,5,627,153,248,600,1,-1,-1,-1
1086,5,598,153,255,601,1,-1,-1,-1
1087,5,553,158,243,606,1,-1,-1,-1
1088,5,531,158,239,605,1,-1,-1,-1
1089,5,517,160,240,603,1,-1,-1,-1
1090,5,495,163,246,600,1,-1,-1,-1
1091,5,478,165,248,598,1,-1,-1,-1
1092,5,463,167,245,595,1,-1,-1,-1
1093,5,452,169,241,593,1,-1,-1,-1
1094,5,447,170,239,592,1,-1,-1,-1
1096,8,443,271,256,596,1,-1,-1,-1
1097,8,502,261,259,619,1,-1,-1,-1
1098,8,551,252,269,637,1,-1,-1,-1
1099,8,583,243,265,648,1,-1,-1,-1
1103,5,380,171,243,590,1,-1,-1,-1
1104,8,756,183,249,653,1,-1,-1,-1
1104,5,362,180,254,583,1,-1,-1,-1
1105,8,781,171,248,646,1,-1,-1,-1
1106,8,793,160,253,635,1,-1,-1,-1
1107,8,794,157,252,628,1,-1,-1,-1
1108,8,800,157,243,624,1,-1,-1,-1
1109,8,798,158,243,621,1,-1,-1,-1
1110,8,775,149,238,605,1,-1,-1,-1
1111,8,753,148,224,593,1,-1,-1,-1
1112,8,726,150,222,583,1,-1,-1,-1
1112,5,326,187,259,573,1,-1,-1,-1
1113,8,706,153,226,573,1,-1,-1,-1
1113,5,326,181,251,571,1,-1,-1,-1
1114,8,684,154,232,566,1,-1,-1,-1
1114,5,327,178,239,568,1,-1,-1,-1
1115,8,654,157,233,563,1,-1,-1,-1
1115,5,331,176,229,565,1,-1,-1,-1
1116,8,594,180,232,575,1,-1,-1,-1
1116,5,331,172,224,562,1,-1,-1,-1
1117,8,557,193,238,583,1,-1,-1,-1
1117,5,331,169,220,558,1,-1,-1,-1
1118,8,525,199,249,588,1,-1,-1,-1
1118,5,331,169,218,555,1,-1,-1,-1
1119,8,489,202,253,589,1,-1,-1,-1
1119,5,333,170,216,553,1,-1,-1,-1
1120,8,429,213,253,585,1,-1,-1,-1
1128,5,310,232,219,479,1,-1,-1,-1
