3,1,496,158,33,78,1,-1,-1,-1
4,1,493,161,31,76,1,-1,-1,-1
8,1,482,165,30,76,1,-1,-1,-1
8,2,293,211,38,89,1,-1,-1,-1
9,1,478,165,30,76,1,-1,-1,-1
9,2,299,211,35,87,1,-1,-1,-1
10,1,473,165,30,77,1,-1,-1,-1
11,1,467,166,33,80,1,-1,-1,-1
12,1,463,167,34,80,1,-1,-1,-1
13,2,323,204,38,88,1,-1,-1,-1
14,2,331,201,36,87,1,-1,-1,-1
15,2,336,200,35,86,1,-1,-1,-1
16,2,340,199,35,87,1,-1,-1,-1
17,2,344,199,35,86,1,-1,-1,-1
18,2,352,195,35,85,1,-1,-1,-1
19,2,358,193,36,85,1,-1,-1,-1
19,3,694,277,46,114,1,-1,-1,-1
20,3,692,276,45,112,1,-1,-1,-1
20,2,361,192,38,85,1,-1,-1,-1
21,3,684,271,42,109,1,-1,-1,-1
21,2,364,192,38,85,1,-1,-1,-1
22,3,678,270,41,107,1,-1,-1,-1
22,2,365,191,38,84,1,-1,-1,-1
23,3,673,269,40,106,1,-1,-1,-1
23,2,366,190,36,84,1,-1,-1,-1
24,3,665,266,40,107,1,-1,-1,-1
24,2,368,189,34,83,1,-1,-1,-1
27,4,686,255,39,102,1,-1,-1,-1
28,4,681,254,40,104,1,-1,-1,-1
29,3,636,256,41,103,1,-1,-1,-1
29,2,376,185,29,82,1,-1,-1,-1
30,3,632,253,39,102,1,-1,-1,-1
30,2,377,184,29,81,1,-1,-1,-1
30,5,400,230,29,68,1,-1,-1,-1
31,5,400,227,28,68,1,-1,-1,-1
31,3,627,252,39,101,1,-1,-1,-1
31,2,378,184,29,80,1,-1,-1,-1
32,5,401,225,27,67,1,-1,-1,-1
32,3,620,251,38,101,1,-1,-1,-1
32,2,380,184,29,80,1,-1,-1,-1
33,4,646,244,40,97,1,-1,-1,-1
33,3,614,250,39,101,1,-1,-1,-1
33,2,382,183,29,80,1,-1,-1,-1
34,4,642,242,37,95,1,-1,-1,-1
34,3,610,248,38,101,1,-1,-1,-1
35,3,606,245,37,100,1,-1,-1,-1
36,3,603,242,36,100,1,-1,-1,-1
37,3,594,241,37,100,1,-1,-1,-1
38,3,589,239,38,100,1,-1,-1,-1
39,3,585,237,38,98,1,-1,-1,-1
39,2,396,183,28,79,1,-1,-1,-1
40,3,575,235,36,97,1,-1,-1,-1
40,2,398,183,28,79,1,-1,-1,-1
41,3,568,234,36,97,1,-1,-1,-1
41,2,398,184,28,78,1,-1,-1,-1
42,4,595,229,34,93,1,-1,-1,-1
42,3,563,233,37,97,1,-1,-1,-1
42,2,399,184,27,78,1,-1,-1,-1
43,4,590,226,33,92,1,-1,-1,-1
43,3,559,231,36,97,1,-1,-1,-1
44,4,584,224,33,92,1,-1,-1,-1
45,4,579,223,35,93,1,-1,-1,-1
46,4,575,223,36,92,1,-1,-1,-1
47,4,572,221,35,92,1,-1,-1,-1
47,3,531,224,40,95,1,-1,-1,-1
48,3,522,221,39,94,1,-1,-1,-1
49,3,515,220,38,93,1,-1,-1,-1
49,6,441,177,28,75,1,-1,-1,-1
50,6,438,175,29,73,1,-1,-1,-1
50,3,510,219,38,94,1,-1,-1,-1
50,7,374,178,28,82,1,-1,-1,-1
51,6,434,175,27,71,1,-1,-1,-1
51,7,373,179,29,81,1,-1,-1,-1
51,4,550,214,37,89,1,-1,-1,-1
51,3,504,217,37,93,1,-1,-1,-1
52,6,431,174,27,71,1,-1,-1,-1
52,7,373,179,28,81,1,-1,-1,-1
52,4,546,212,34,88,1,-1,-1,-1
52,3,501,214,35,93,1,-1,-1,-1
53,7,373,179,29,80,1,-1,-1,-1
54,7,373,179,28,80,1,-1,-1,-1
54,8,653,249,41,112,1,-1,-1,-1
55,8,644,248,40,112,1,-1,-1,-1
56,8,639,247,40,112,1,-1,-1,-1
56,4,527,208,33,87,1,-1,-1,-1
56,3,483,210,36,90,1,-1,-1,-1
57,3,479,208,35,90,1,-1,-1,-1
58,3,473,207,36,89,1,-1,-1,-1
59,3,470,207,36,89,1,-1,-1,-1
60,4,507,203,34,86,1,-1,-1,-1
60,3,467,206,37,90,1,-1,-1,-1
61,3,464,204,37,89,1,-1,-1,-1
62,3,463,202,35,88,1,-1,-1,-1
63,3,462,200,34,88,1,-1,-1,-1
64,8,604,228,38,106,1,-1,-1,-1
64,3,461,200,32,87,1,-1,-1,-1
65,3,456,199,33,87,1,-1,-1,-1
66,3,454,197,32,86,1,-1,-1,-1
67,3,451,195,32,85,1,-1,-1,-1
68,3,448,194,33,85,1,-1,-1,-1
69,3,445,194,33,85,1,-1,-1,-1
70,3,444,193,32,85,1,-1,-1,-1
71,3,443,191,32,85,1,-1,-1,-1
72,7,364,180,36,80,1,-1,-1,-1
72,3,442,189,32,84,1,-1,-1,-1
73,8,580,206,34,99,1,-1,-1,-1
73,7,366,180,34,80,1,-1,-1,-1
73,4,476,186,27,80,1,-1,-1,-1
73,3,441,187,31,84,1,-1,-1,-1
74,3,441,186,30,84,1,-1,-1,-1
78,4,477,179,27,78,1,-1,-1,-1
78,3,439,181,29,81,1,-1,-1,-1
78,6,257,170,28,69,1,-1,-1,-1
79,6,255,171,28,69,1,-1,-1,-1
79,3,440,179,30,81,1,-1,-1,-1
80,6,255,172,28,69,1,-1,-1,-1
80,3,442,176,29,80,1,-1,-1,-1
81,6,256,173,27,69,1,-1,-1,-1
81,3,442,174,30,79,1,-1,-1,-1
82,6,257,175,27,69,1,-1,-1,-1
82,4,474,173,26,76,1,-1,-1,-1
82,3,443,173,30,79,1,-1,-1,-1
83,6,259,177,27,70,1,-1,-1,-1
83,3,444,172,31,79,1,-1,-1,-1
84,6,261,178,26,70,1,-1,-1,-1
84,3,444,170,32,79,1,-1,-1,-1
84,9,266,52,15,34,1,-1,-1,-1
84,2,394,181,34,83,1,-1,-1,-1
85,9,264,52,15,34,1,-1,-1,-1
85,6,264,178,25,71,1,-1,-1,-1
85,2,394,181,35,83,1,-1,-1,-1
85,3,446,167,31,78,1,-1,-1,-1
86,9,260,52,15,34,1,-1,-1,-1
86,6,269,180,28,70,1,-1,-1,-1
86,3,448,165,30,77,1,-1,-1,-1
87,9,258,53,14,34,1,-1,-1,-1
87,6,273,182,28,71,1,-1,-1,-1
87,4,483,167,26,75,1,-1,-1,-1
87,3,450,165,30,77,1,-1,-1,-1
88,9,257,53,14,35,1,-1,-1,-1
88,6,276,183,28,71,1,-1,-1,-1
88,4,484,166,25,74,1,-1,-1,-1
88,3,452,164,29,77,1,-1,-1,-1
89,9,253,54,14,34,1,-1,-1,-1
89,6,281,184,27,72,1,-1,-1,-1
89,4,485,163,26,74,1,-1,-1,-1
89,3,454,161,30,76,1,-1,-1,-1
90,9,250,54,14,34,1,-1,-1,-1
90,6,285,186,27,72,1,-1,-1,-1
90,4,487,161,26,74,1,-1,-1,-1
90,3,457,159,29,76,1,-1,-1,-1
90,1,370,178,35,81,1,-1,-1,-1
91,9,248,55,15,34,1,-1,-1,-1
91,6,289,188,27,72,1,-1,-1,-1
91,1,371,178,35,81,1,-1,-1,-1
91,4,489,161,27,73,1,-1,-1,-1
91,3,459,159,30,75,1,-1,-1,-1
92,9,247,55,15,35,1,-1,-1,-1
92,6,293,188,26,73,1,-1,-1,-1
92,1,373,178,34,81,1,-1,-1,-1
92,4,491,161,27,73,1,-1,-1,-1
92,3,461,159,30,75,1,-1,-1,-1
93,9,242,55,15,35,1,-1,-1,-1
93,6,300,189,28,74,1,-1,-1,-1
93,1,376,178,33,80,1,-1,-1,-1
93,4,494,159,27,72,1,-1,-1,-1
93,3,465,156,29,74,1,-1,-1,-1
94,9,240,56,15,34,1,-1,-1,-1
94,6,305,191,30,74,1,-1,-1,-1
94,1,378,178,32,81,1,-1,-1,-1
94,4,497,158,27,72,1,-1,-1,-1
94,3,469,154,28,74,1,-1,-1,-1
95,9,238,57,15,34,1,-1,-1,-1
95,6,309,192,30,74,1,-1,-1,-1
95,1,378,178,33,81,1,-1,-1,-1
95,4,499,158,27,71,1,-1,-1,-1
95,3,472,153,27,73,1,-1,-1,-1
96,9,236,57,14,35,1,-1,-1,-1
96,6,313,192,29,74,1,-1,-1,-1
96,1,378,177,33,82,1,-1,-1,-1
96,3,475,153,28,73,1,-1,-1,-1
97,9,233,58,14,34,1,-1,-1,-1
97,6,320,195,29,75,1,-1,-1,-1
97,1,379,177,33,81,1,-1,-1,-1
97,3,479,152,28,73,1,-1,-1,-1
98,9,231,58,15,35,1,-1,-1,-1
98,6,327,196,29,76,1,-1,-1,-1
98,1,381,177,32,80,1,-1,-1,-1
98,3,482,151,28,72,1,-1,-1,-1
99,9,229,59,15,34,1,-1,-1,-1
99,1,382,176,31,81,1,-1,-1,-1
99,3,485,149,27,72,1,-1,-1,-1
100,9,225,59,14,34,1,-1,-1,-1
100,1,379,177,32,80,1,-1,-1,-1
100,3,489,148,26,72,1,-1,-1,-1
101,9,223,60,14,34,1,-1,-1,-1
101,1,377,177,33,80,1,-1,-1,-1
101,4,515,151,26,70,1,-1,-1,-1
101,3,492,148,26,71,1,-1,-1,-1
102,9,220,61,15,34,1,-1,-1,-1
102,6,351,199,32,77,1,-1,-1,-1
102,1,376,177,34,80,1,-1,-1,-1
102,4,517,150,26,70,1,-1,-1,-1
102,3,494,146,26,71,1,-1,-1,-1
103,9,218,61,14,35,1,-1,-1,-1
103,6,355,199,32,77,1,-1,-1,-1
103,1,377,176,34,81,1,-1,-1,-1
103,4,520,149,26,69,1,-1,-1,-1
103,3,497,145,26,70,1,-1,-1,-1
104,9,214,62,14,34,1,-1,-1,-1
104,6,366,202,31,77,1,-1,-1,-1
104,1,376,174,32,79,1,-1,-1,-1
104,3,502,144,26,70,1,-1,-1,-1
105,9,211,62,15,35,1,-1,-1,-1
105,1,378,173,30,78,1,-1,-1,-1
105,3,505,144,27,70,1,-1,-1,-1
106,9,207,63,15,34,1,-1,-1,-1
106,1,378,175,30,78,1,-1,-1,-1
106,3,508,143,27,69,1,-1,-1,-1
107,9,203,63,15,35,1,-1,-1,-1
107,1,379,176,30,78,1,-1,-1,-1
107,3,511,141,26,69,1,-1,-1,-1
108,9,201,64,15,35,1,-1,-1,-1
108,1,378,176,31,78,1,-1,-1,-1
108,3,514,139,26,69,1,-1,-1,-1
109,9,197,64,14,35,1,-1,-1,-1
109,1,376,175,30,79,1,-1,-1,-1
109,4,544,143,25,67,1,-1,-1,-1
109,3,519,139,25,68,1,-1,-1,-1
110,9,195,64,14,35,1,-1,-1,-1
110,1,375,175,30,80,1,-1,-1,-1
110,4,547,143,25,67,1,-1,-1,-1
110,3,522,139,26,68,1,-1,-1,-1
111,9,193,63,15,37,1,-1,-1,-1
111,1,374,175,30,80,1,-1,-1,-1
111,4,549,143,25,66,1,-1,-1,-1
111,3,524,138,27,69,1,-1,-1,-1
112,9,192,64,15,36,1,-1,-1,-1
112,1,372,175,30,80,1,-1,-1,-1
112,4,551,142,25,66,1,-1,-1,-1
112,3,527,137,27,68,1,-1,-1,-1
113,9,190,64,15,37,1,-1,-1,-1
113,1,370,176,30,79,1,-1,-1,-1
113,4,556,141,24,66,1,-1,-1,-1
113,3,531,136,25,68,1,-1,-1,-1
114,9,186,65,15,37,1,-1,-1,-1
114,1,369,178,29,79,1,-1,-1,-1
114,4,561,141,24,65,1,-1,-1,-1
114,3,536,135,26,68,1,-1,-1,-1
115,9,183,66,15,37,1,-1,-1,-1
115,1,369,178,28,80,1,-1,-1,-1
115,4,564,140,24,65,1,-1,-1,-1
115,3,540,135,25,67,1,-1,-1,-1
116,9,181,67,16,37,1,-1,-1,-1
116,1,369,179,29,79,1,-1,-1,-1
116,3,541,135,27,66,1,-1,-1,-1
117,9,179,67,14,37,1,-1,-1,-1
117,1,370,180,29,78,1,-1,-1,-1
117,3,544,133,26,67,1,-1,-1,-1
118,9,175,68,16,37,1,-1,-1,-1
118,1,371,181,29,79,1,-1,-1,-1
118,3,548,131,27,67,1,-1,-1,-1
119,9,173,68,16,38,1,-1,-1,-1
119,1,371,182,30,80,1,-1,-1,-1
119,3,551,131,27,66,1,-1,-1,-1
120,9,171,68,16,38,1,-1,-1,-1
120,4,580,135,26,64,1,-1,-1,-1
120,3,553,131,27,66,1,-1,-1,-1
121,9,166,69,16,38,1,-1,-1,-1
121,4,584,133,26,65,1,-1,-1,-1
121,3,558,128,26,66,1,-1,-1,-1
122,9,164,70,15,38,1,-1,-1,-1
122,4,589,133,24,64,1,-1,-1,-1
122,3,562,127,25,66,1,-1,-1,-1
123,9,159,71,15,37,1,-1,-1,-1
123,1,376,181,30,81,1,-1,-1,-1
123,4,593,132,24,64,1,-1,-1,-1
123,3,568,127,26,65,1,-1,-1,-1
124,9,156,71,15,37,1,-1,-1,-1
124,1,378,181,29,81,1,-1,-1,-1
124,4,596,131,23,64,1,-1,-1,-1
124,3,571,127,25,64,1,-1,-1,-1
125,9,153,72,15,37,1,-1,-1,-1
125,1,379,181,30,81,1,-1,-1,-1
125,3,573,126,25,64,1,-1,-1,-1
126,9,151,73,16,37,1,-1,-1,-1
126,1,380,180,30,82,1,-1,-1,-1
126,3,576,124,25,64,1,-1,-1,-1
127,9,149,73,16,37,1,-1,-1,-1
127,1,381,180,30,82,1,-1,-1,-1
127,3,580,123,24,64,1,-1,-1,-1
128,9,144,74,16,37,1,-1,-1,-1
128,3,583,123,24,63,1,-1,-1,-1
129,9,142,74,15,38,1,-1,-1,-1
129,6,573,221,35,86,1,-1,-1,-1
129,3,586,122,24,64,1,-1,-1,-1
130,9,139,75,16,37,1,-1,-1,-1
130,4,609,126,23,62,1,-1,-1,-1
130,3,588,121,24,64,1,-1,-1,-1
130,8,675,121,25,70,1,-1,-1,-1
131,9,134,76,16,37,1,-1,-1,-1
131,4,614,125,23,61,1,-1,-1,-1
131,3,591,120,23,63,1,-1,-1,-1
132,9,131,77,16,37,1,-1,-1,-1
132,4,618,124,24,62,1,-1,-1,-1
132,3,593,119,24,64,1,-1,-1,-1
133,9,129,78,16,37,1,-1,-1,-1
133,4,620,124,25,61,1,-1,-1,-1
133,3,596,119,23,63,1,-1,-1,-1
133,10,577,201,36,80,1,-1,-1,-1
134,10,570,201,38,82,1,-1,-1,-1
134,9,127,78,16,38,1,-1,-1,-1
134,4,622,123,25,61,1,-1,-1,-1
134,3,598,119,24,63,1,-1,-1,-1
135,10,564,200,38,82,1,-1,-1,-1
135,9,123,79,16,37,1,-1,-1,-1
135,4,623,122,25,61,1,-1,-1,-1
135,3,599,119,24,62,1,-1,-1,-1
136,10,559,197,36,82,1,-1,-1,-1
136,8,690,117,26,70,1,-1,-1,-1
136,9,122,79,15,37,1,-1,-1,-1
136,4,624,121,25,61,1,-1,-1,-1
136,3,601,117,23,62,1,-1,-1,-1
137,10,554,196,34,81,1,-1,-1,-1
137,8,693,116,25,69,1,-1,-1,-1
137,9,119,80,16,38,1,-1,-1,-1
137,1,381,184,28,82,1,-1,-1,-1
137,4,625,121,23,60,1,-1,-1,-1
137,3,604,116,22,62,1,-1,-1,-1
138,8,697,115,25,68,1,-1,-1,-1
138,9,114,81,16,37,1,-1,-1,-1
138,4,627,121,23,60,1,-1,-1,-1
138,3,607,116,22,61,1,-1,-1,-1
139,8,700,114,25,68,1,-1,-1,-1
139,9,112,81,15,38,1,-1,-1,-1
139,4,629,120,22,60,1,-1,-1,-1
139,3,610,116,21,61,1,-1,-1,-1
140,9,110,82,15,37,1,-1,-1,-1
140,4,632,119,22,60,1,-1,-1,-1
141,10,518,190,35,80,1,-1,-1,-1
141,9,106,82,16,38,1,-1,-1,-1
141,4,636,118,22,58,1,-1,-1,-1
142,4,639,117,22,58,1,-1,-1,-1
143,4,640,117,23,58,1,-1,-1,-1
144,4,643,115,22,59,1,-1,-1,-1
144,3,624,112,21,60,1,-1,-1,-1
145,4,645,114,22,59,1,-1,-1,-1
145,3,625,111,22,60,1,-1,-1,-1
146,4,645,113,22,59,1,-1,-1,-1
146,3,627,110,22,60,1,-1,-1,-1
147,4,647,113,22,57,1,-1,-1,-1
147,3,630,110,21,60,1,-1,-1,-1
148,10,463,181,33,78,1,-1,-1,-1
148,9,83,87,15,39,1,-1,-1,-1
148,4,649,113,21,58,1,-1,-1,-1
148,3,631,110,22,60,1,-1,-1,-1
149,9,79,87,15,39,1,-1,-1,-1
149,4,651,113,21,57,1,-1,-1,-1
149,3,633,109,21,60,1,-1,-1,-1
150,9,75,89,15,39,1,-1,-1,-1
150,4,655,112,22,57,1,-1,-1,-1
150,3,635,108,21,59,1,-1,-1,-1
151,9,71,90,16,39,1,-1,-1,-1
151,4,657,111,22,57,1,-1,-1,-1
151,3,636,107,21,59,1,-1,-1,-1
152,9,68,90,15,39,1,-1,-1,-1
152,4,658,111,22,56,1,-1,-1,-1
152,3,637,106,22,60,1,-1,-1,-1
153,9,64,91,16,39,1,-1,-1,-1
153,4,660,111,21,56,1,-1,-1,-1
154,9,62,91,16,39,1,-1,-1,-1
154,4,663,110,20,56,1,-1,-1,-1
155,9,58,92,17,39,1,-1,-1,-1
155,4,665,109,20,56,1,-1,-1,-1
156,9,55,93,15,39,1,-1,-1,-1
156,4,668,108,21,55,1,-1,-1,-1
156,3,645,105,20,58,1,-1,-1,-1
157,9,52,94,16,39,1,-1,-1,-1
157,4,670,108,21,55,1,-1,-1,-1
157,3,647,105,20,58,1,-1,-1,-1
158,9,48,94,15,40,1,-1,-1,-1
158,4,673,110,20,53,1,-1,-1,-1
159,9,46,94,15,40,1,-1,-1,-1
160,9,44,95,15,40,1,-1,-1,-1
161,9,40,96,15,40,1,-1,-1,-1
162,9,33,96,17,42,1,-1,-1,-1
162,11,665,115,27,67,1,-1,-1,-1
163,11,661,115,28,68,1,-1,-1,-1
163,9,30,97,17,42,1,-1,-1,-1
164,11,660,116,28,68,1,-1,-1,-1
164,9,29,97,16,43,1,-1,-1,-1
165,11,658,117,28,67,1,-1,-1,-1
165,9,28,98,16,42,1,-1,-1,-1
165,4,684,104,23,54,1,-1,-1,-1
165,1,439,207,33,90,1,-1,-1,-1
166,4,685,104,23,53,1,-1,-1,-1
167,4,687,104,23,54,1,-1,-1,-1
168,4,689,104,22,54,1,-1,-1,-1
168,3,668,102,21,56,1,-1,-1,-1
169,9,11,100,18,43,1,-1,-1,-1
169,4,691,103,22,54,1,-1,-1,-1
169,3,669,101,21,57,1,-1,-1,-1
170,9,8,101,17,43,1,-1,-1,-1
170,4,693,103,21,54,1,-1,-1,-1
170,3,670,101,21,57,1,-1,-1,-1
171,1,458,210,33,88,1,-1,-1,-1
171,9,6,102,17,43,1,-1,-1,-1
171,4,693,103,22,54,1,-1,-1,-1
171,3,671,101,21,56,1,-1,-1,-1
172,1,458,210,33,88,1,-1,-1,-1
172,9,0,103,16,42,1,-1,-1,-1
172,4,694,103,21,53,1,-1,-1,-1
172,3,672,101,22,57,1,-1,-1,-1
173,1,456,210,34,89,1,-1,-1,-1
173,11,625,123,27,70,1,-1,-1,-1
173,9,-1,104,15,42,1,-1,-1,-1
173,4,694,103,22,52,1,-1,-1,-1
173,3,673,101,21,56,1,-1,-1,-1
174,11,622,123,26,71,1,-1,-1,-1
174,9,-2,105,14,42,1,-1,-1,-1
174,4,695,103,22,52,1,-1,-1,-1
174,3,673,101,22,56,1,-1,-1,-1
175,11,616,124,25,71,1,-1,-1,-1
175,4,696,103,22,52,1,-1,-1,-1
175,3,675,100,21,57,1,-1,-1,-1
176,11,611,125,26,71,1,-1,-1,-1
176,10,240,165,30,69,1,-1,-1,-1
176,4,697,102,21,53,1,-1,-1,-1
176,3,676,101,21,56,1,-1,-1,-1
177,11,607,126,28,72,1,-1,-1,-1
177,10,233,164,30,69,1,-1,-1,-1
177,4,698,103,20,52,1,-1,-1,-1
177,3,677,100,21,57,1,-1,-1,-1
178,10,223,164,29,68,1,-1,-1,-1
178,4,699,104,20,51,1,-1,-1,-1
178,3,678,101,21,56,1,-1,-1,-1
179,4,700,104,20,51,1,-1,-1,-1
179,3,679,100,21,57,1,-1,-1,-1
180,4,701,104,19,50,1,-1,-1,-1
180,3,679,100,22,57,1,-1,-1,-1
181,1,495,222,37,89,1,-1,-1,-1
182,1,503,222,38,90,1,-1,-1,-1
182,11,584,129,29,73,1,-1,-1,-1
183,1,507,223,41,91,1,-1,-1,-1
183,11,580,129,28,73,1,-1,-1,-1
184,1,512,226,43,93,1,-1,-1,-1
184,11,574,131,27,73,1,-1,-1,-1
184,4,705,102,18,52,1,-1,-1,-1
185,1,518,228,43,94,1,-1,-1,-1
185,11,569,132,28,74,1,-1,-1,-1
186,1,523,229,41,93,1,-1,-1,-1
186,11,567,133,27,74,1,-1,-1,-1
187,1,532,231,40,95,1,-1,-1,-1
188,1,537,234,39,95,1,-1,-1,-1
188,12,302,207,37,82,1,-1,-1,-1
189,12,292,205,34,82,1,-1,-1,-1
189,10,148,159,29,65,1,-1,-1,-1
189,2,642,226,43,94,1,-1,-1,-1
190,2,646,227,44,95,1,-1,-1,-1
190,11,544,136,31,75,1,-1,-1,-1
190,12,281,204,34,82,1,-1,-1,-1
190,10,142,158,29,65,1,-1,-1,-1
191,2,649,229,44,96,1,-1,-1,-1
191,11,540,136,29,75,1,-1,-1,-1
191,10,137,157,28,65,1,-1,-1,-1
192,2,652,231,44,97,1,-1,-1,-1
192,11,534,136,29,76,1,-1,-1,-1
192,10,133,157,28,65,1,-1,-1,-1
193,2,660,234,43,96,1,-1,-1,-1
193,11,528,138,30,76,1,-1,-1,-1
194,2,667,235,43,96,1,-1,-1,-1
194,11,524,139,31,77,1,-1,-1,-1
195,2,673,237,41,97,1,-1,-1,-1
195,12,254,199,32,79,1,-1,-1,-1
195,3,681,97,22,56,1,-1,-1,-1
196,2,678,241,42,98,1,-1,-1,-1
196,12,246,197,31,78,1,-1,-1,-1
196,3,681,97,21,56,1,-1,-1,-1
197,2,682,243,43,98,1,-1,-1,-1
197,1,588,255,42,102,1,-1,-1,-1
197,12,237,195,31,79,1,-1,-1,-1
197,3,680,96,22,57,1,-1,-1,-1
198,2,688,244,42,98,1,-1,-1,-1
198,1,592,258,45,103,1,-1,-1,-1
198,12,229,195,34,78,1,-1,-1,-1
198,3,680,96,21,57,1,-1,-1,-1
199,2,694,247,42,100,1,-1,-1,-1
199,1,601,262,44,104,1,-1,-1,-1
199,11,497,144,32,77,1,-1,-1,-1
199,12,223,192,32,78,1,-1,-1,-1
199,10,90,154,28,63,1,-1,-1,-1
199,3,678,97,22,56,1,-1,-1,-1
200,2,698,250,43,101,1,-1,-1,-1
200,11,491,144,31,77,1,-1,-1,-1
200,3,677,97,22,56,1,-1,-1,-1
201,2,703,253,42,101,1,-1,-1,-1
201,11,486,145,32,77,1,-1,-1,-1
201,3,676,98,22,55,1,-1,-1,-1
202,11,479,147,33,78,1,-1,-1,-1
202,3,675,98,22,56,1,-1,-1,-1
203,1,628,273,43,106,1,-1,-1,-1
203,11,475,148,33,78,1,-1,-1,-1
203,12,204,188,31,76,1,-1,-1,-1
203,10,68,153,27,61,1,-1,-1,-1
203,3,674,98,22,57,1,-1,-1,-1
204,1,633,274,45,106,1,-1,-1,-1
204,12,196,187,31,76,1,-1,-1,-1
204,10,64,153,28,61,1,-1,-1,-1
204,3,673,98,22,57,1,-1,-1,-1
205,2,724,262,42,103,1,-1,-1,-1
205,12,188,187,33,75,1,-1,-1,-1
205,10,59,151,26,61,1,-1,-1,-1
205,3,673,99,22,56,1,-1,-1,-1
206,2,729,263,41,104,1,-1,-1,-1
206,12,183,185,31,75,1,-1,-1,-1
206,10,54,151,26,60,1,-1,-1,-1
206,3,672,99,22,57,1,-1,-1,-1
207,10,51,151,26,60,1,-1,-1,-1
207,3,671,100,22,56,1,-1,-1,-1
208,1,650,287,46,110,1,-1,-1,-1
208,10,44,150,25,60,1,-1,-1,-1
208,3,668,100,22,57,1,-1,-1,-1
209,1,654,290,45,112,1,-1,-1,-1
209,10,38,150,25,59,1,-1,-1,-1
209,3,666,100,22,57,1,-1,-1,-1
210,1,656,293,46,113,1,-1,-1,-1
210,11,431,152,32,78,1,-1,-1,-1
210,12,163,183,31,72,1,-1,-1,-1
210,10,34,150,26,59,1,-1,-1,-1
210,3,664,101,23,56,1,-1,-1,-1
211,1,656,295,48,114,1,-1,-1,-1
211,11,428,154,31,77,1,-1,-1,-1
211,12,153,183,31,71,1,-1,-1,-1
211,10,29,148,25,59,1,-1,-1,-1
211,3,663,101,22,57,1,-1,-1,-1
212,1,655,296,46,114,1,-1,-1,-1
212,10,25,148,24,58,1,-1,-1,-1
212,3,662,101,22,57,1,-1,-1,-1
213,1,650,297,45,114,1,-1,-1,-1
213,10,21,148,25,58,1,-1,-1,-1
213,3,662,102,22,57,1,-1,-1,-1
214,1,642,298,46,115,1,-1,-1,-1
214,10,15,147,25,58,1,-1,-1,-1
214,3,661,103,22,57,1,-1,-1,-1
215,1,638,298,46,116,1,-1,-1,-1
215,10,10,146,24,58,1,-1,-1,-1
215,3,661,103,22,57,1,-1,-1,-1
216,11,391,158,31,79,1,-1,-1,-1
216,10,6,146,24,58,1,-1,-1,-1
216,3,661,103,22,57,1,-1,-1,-1
217,10,3,146,25,57,1,-1,-1,-1
217,3,660,103,23,58,1,-1,-1,-1
218,12,114,183,29,70,1,-1,-1,-1
218,10,0,145,24,58,1,-1,-1,-1
218,3,660,104,23,58,1,-1,-1,-1
219,10,-2,145,22,57,1,-1,-1,-1
219,3,660,105,22,58,1,-1,-1,-1
220,3,659,106,22,58,1,-1,-1,-1
221,3,658,106,22,59,1,-1,-1,-1
222,3,656,106,23,59,1,-1,-1,-1
223,11,348,160,33,80,1,-1,-1,-1
223,3,655,107,22,59,1,-1,-1,-1
224,3,654,107,22,60,1,-1,-1,-1
224,1,551,289,47,114,1,-1,-1,-1
225,3,653,108,23,60,1,-1,-1,-1
226,12,66,181,30,69,1,-1,-1,-1
226,3,652,108,23,61,1,-1,-1,-1
227,3,651,109,23,60,1,-1,-1,-1
227,6,695,225,33,86,1,-1,-1,-1
228,6,690,223,33,86,1,-1,-1,-1
228,1,520,278,46,112,1,-1,-1,-1
228,3,651,109,22,61,1,-1,-1,-1
229,1,511,277,45,111,1,-1,-1,-1
229,3,650,110,22,60,1,-1,-1,-1
230,1,502,275,46,111,1,-1,-1,-1
230,12,48,179,28,67,1,-1,-1,-1
230,3,648,112,23,60,1,-1,-1,-1
231,1,497,272,46,112,1,-1,-1,-1
231,12,45,179,28,67,1,-1,-1,-1
231,3,646,112,23,60,1,-1,-1,-1
232,6,662,214,36,86,1,-1,-1,-1
232,11,284,159,31,80,1,-1,-1,-1
232,12,43,179,26,66,1,-1,-1,-1
232,3,645,112,23,60,1,-1,-1,-1
233,3,643,113,23,60,1,-1,-1,-1
234,3,642,113,24,61,1,-1,-1,-1
235,3,642,114,23,61,1,-1,-1,-1
235,2,695,282,42,109,1,-1,-1,-1
236,1,466,259,43,106,1,-1,-1,-1
236,12,35,177,25,66,1,-1,-1,-1
236,3,641,114,24,62,1,-1,-1,-1
237,1,458,257,44,106,1,-1,-1,-1
237,3,641,115,24,61,1,-1,-1,-1
238,1,453,256,43,106,1,-1,-1,-1
238,11,249,158,34,78,1,-1,-1,-1
238,3,641,115,24,62,1,-1,-1,-1
239,6,617,203,35,81,1,-1,-1,-1
239,1,449,255,43,105,1,-1,-1,-1
239,11,246,157,33,78,1,-1,-1,-1
239,3,641,115,24,62,1,-1,-1,-1
240,6,614,201,34,81,1,-1,-1,-1
240,1,446,252,41,104,1,-1,-1,-1
240,11,240,156,32,78,1,-1,-1,-1
240,12,36,176,24,67,1,-1,-1,-1
240,3,641,115,24,62,1,-1,-1,-1
241,2,656,270,47,110,1,-1,-1,-1
241,6,610,200,32,79,1,-1,-1,-1
241,11,234,155,32,78,1,-1,-1,-1
241,12,36,176,24,68,1,-1,-1,-1
241,3,641,116,23,61,1,-1,-1,-1
242,2,649,267,44,108,1,-1,-1,-1
242,6,601,199,32,79,1,-1,-1,-1
242,11,228,155,33,78,1,-1,-1,-1
242,12,37,176,23,68,1,-1,-1,-1
242,3,639,117,25,62,1,-1,-1,-1
243,2,642,265,43,107,1,-1,-1,-1
243,6,596,198,32,79,1,-1,-1,-1
243,11,226,155,31,78,1,-1,-1,-1
243,12,37,176,23,68,1,-1,-1,-1
243,3,638,118,25,62,1,-1,-1,-1
244,2,637,265,42,106,1,-1,-1,-1
244,6,592,197,30,79,1,-1,-1,-1
244,1,422,243,40,100,1,-1,-1,-1
244,12,37,176,23,68,1,-1,-1,-1
244,3,636,118,25,62,1,-1,-1,-1
245,2,633,264,42,106,1,-1,-1,-1
245,1,413,242,43,100,1,-1,-1,-1
245,12,37,176,23,68,1,-1,-1,-1
245,3,635,118,25,63,1,-1,-1,-1
246,1,404,241,44,99,1,-1,-1,-1
246,12,37,176,24,68,1,-1,-1,-1
246,3,633,118,26,63,1,-1,-1,-1
247,1,399,241,43,97,1,-1,-1,-1
247,12,37,176,24,68,1,-1,-1,-1
247,3,632,119,27,63,1,-1,-1,-1
248,1,397,237,41,97,1,-1,-1,-1
248,11,206,152,31,76,1,-1,-1,-1
248,12,37,176,24,68,1,-1,-1,-1
248,3,632,119,26,64,1,-1,-1,-1
249,11,202,151,31,76,1,-1,-1,-1
249,3,632,120,26,64,1,-1,-1,-1
250,11,198,151,30,75,1,-1,-1,-1
250,3,631,121,26,64,1,-1,-1,-1
250,4,659,124,24,62,1,-1,-1,-1
251,4,657,125,23,62,1,-1,-1,-1
251,11,192,151,30,75,1,-1,-1,-1
251,3,631,121,26,64,1,-1,-1,-1
252,4,655,125,23,62,1,-1,-1,-1
252,11,190,151,30,75,1,-1,-1,-1
252,3,631,121,26,64,1,-1,-1,-1
253,2,583,251,40,102,1,-1,-1,-1
253,3,631,121,26,65,1,-1,-1,-1
254,2,575,250,40,102,1,-1,-1,-1
254,3,631,122,25,64,1,-1,-1,-1
255,2,571,249,40,102,1,-1,-1,-1
255,12,38,176,23,68,1,-1,-1,-1
255,3,630,122,25,65,1,-1,-1,-1
256,2,566,248,39,102,1,-1,-1,-1
256,12,38,176,23,68,1,-1,-1,-1
256,3,629,123,25,65,1,-1,-1,-1
257,2,560,246,38,100,1,-1,-1,-1
257,3,628,124,25,65,1,-1,-1,-1
258,2,549,244,39,101,1,-1,-1,-1
258,6,502,181,30,74,1,-1,-1,-1
258,1,345,218,38,92,1,-1,-1,-1
258,11,170,147,28,73,1,-1,-1,-1
258,3,625,123,25,66,1,-1,-1,-1
259,6,496,180,31,74,1,-1,-1,-1
259,1,342,216,37,91,1,-1,-1,-1
259,11,166,146,28,73,1,-1,-1,-1
259,3,624,124,24,66,1,-1,-1,-1
260,6,493,180,29,74,1,-1,-1,-1
260,1,333,214,39,90,1,-1,-1,-1
260,11,163,146,27,73,1,-1,-1,-1
260,3,622,124,24,66,1,-1,-1,-1
261,6,484,177,28,73,1,-1,-1,-1
261,1,323,212,40,91,1,-1,-1,-1
261,11,160,146,28,72,1,-1,-1,-1
261,3,620,126,24,66,1,-1,-1,-1
262,6,475,176,30,73,1,-1,-1,-1
262,1,317,212,41,90,1,-1,-1,-1
262,3,618,127,24,66,1,-1,-1,-1
263,6,469,175,31,73,1,-1,-1,-1
263,12,37,176,24,68,1,-1,-1,-1
263,3,616,127,24,67,1,-1,-1,-1
264,6,464,174,29,73,1,-1,-1,-1
264,12,36,175,25,69,1,-1,-1,-1
264,3,615,127,24,67,1,-1,-1,-1
265,2,505,240,41,99,1,-1,-1,-1
265,12,36,176,25,68,1,-1,-1,-1
265,3,613,128,24,67,1,-1,-1,-1
266,2,500,239,39,98,1,-1,-1,-1
266,11,146,144,27,70,1,-1,-1,-1
266,12,35,176,25,69,1,-1,-1,-1
266,3,610,129,25,66,1,-1,-1,-1
267,2,489,238,38,98,1,-1,-1,-1
267,1,293,203,37,86,1,-1,-1,-1
267,11,139,143,27,70,1,-1,-1,-1
267,12,35,175,25,69,1,-1,-1,-1
267,3,608,131,25,66,1,-1,-1,-1
268,2,479,238,40,97,1,-1,-1,-1
268,1,286,201,38,87,1,-1,-1,-1
268,11,135,143,26,69,1,-1,-1,-1
268,12,34,175,26,69,1,-1,-1,-1
268,3,606,131,26,67,1,-1,-1,-1
269,1,282,201,39,86,1,-1,-1,-1
269,11,133,143,26,69,1,-1,-1,-1
269,12,34,175,26,69,1,-1,-1,-1
269,3,604,131,26,67,1,-1,-1,-1
270,1,280,197,37,86,1,-1,-1,-1
270,11,130,143,27,68,1,-1,-1,-1
270,12,32,175,25,69,1,-1,-1,-1
270,3,601,132,27,67,1,-1,-1,-1
271,11,129,142,26,69,1,-1,-1,-1
271,3,600,132,26,68,1,-1,-1,-1
272,2,454,236,37,96,1,-1,-1,-1
272,11,126,142,25,68,1,-1,-1,-1
272,3,599,133,27,68,1,-1,-1,-1
273,2,449,235,38,97,1,-1,-1,-1
273,3,599,134,26,68,1,-1,-1,-1
274,2,445,234,37,97,1,-1,-1,-1
274,3,598,135,26,68,1,-1,-1,-1
275,2,440,232,36,97,1,-1,-1,-1
275,1,267,189,35,83,1,-1,-1,-1
275,12,25,177,26,67,1,-1,-1,-1
275,3,598,135,26,69,1,-1,-1,-1
276,1,265,188,35,82,1,-1,-1,-1
276,12,21,177,28,66,1,-1,-1,-1
276,3,598,135,26,69,1,-1,-1,-1
277,1,264,187,35,82,1,-1,-1,-1
277,12,18,177,28,66,1,-1,-1,-1
277,3,598,136,27,69,1,-1,-1,-1
278,1,265,185,33,82,1,-1,-1,-1
278,12,15,177,29,66,1,-1,-1,-1
278,3,598,137,27,69,1,-1,-1,-1
279,1,264,183,32,81,1,-1,-1,-1
279,12,11,177,29,65,1,-1,-1,-1
279,3,598,138,27,70,1,-1,-1,-1
280,1,264,182,31,80,1,-1,-1,-1
280,3,598,139,27,69,1,-1,-1,-1
281,1,263,181,30,80,1,-1,-1,-1
281,3,598,139,27,69,1,-1,-1,-1
282,6,355,164,26,67,1,-1,-1,-1
282,1,261,180,30,80,1,-1,-1,-1
282,3,597,139,28,69,1,-1,-1,-1
283,1,257,178,31,79,1,-1,-1,-1
283,12,-1,175,25,66,1,-1,-1,-1
283,3,597,140,27,70,1,-1,-1,-1
284,1,254,178,33,78,1,-1,-1,-1
284,3,596,141,28,70,1,-1,-1,-1
284,11,122,146,27,72,1,-1,-1,-1
285,11,124,147,26,71,1,-1,-1,-1
285,1,253,177,34,78,1,-1,-1,-1
285,3,596,142,27,71,1,-1,-1,-1
286,11,129,147,26,72,1,-1,-1,-1
286,1,254,176,33,78,1,-1,-1,-1
286,3,595,143,28,72,1,-1,-1,-1
287,11,132,149,27,72,1,-1,-1,-1
287,1,255,174,32,77,1,-1,-1,-1
287,3,595,143,27,72,1,-1,-1,-1
288,11,135,150,27,73,1,-1,-1,-1
288,2,369,222,38,88,1,-1,-1,-1
288,1,256,173,31,76,1,-1,-1,-1
288,3,595,144,27,72,1,-1,-1,-1
289,2,362,220,37,88,1,-1,-1,-1
289,1,255,172,31,76,1,-1,-1,-1
289,3,594,146,28,72,1,-1,-1,-1
290,2,356,219,35,88,1,-1,-1,-1
290,1,255,172,31,76,1,-1,-1,-1
290,3,593,148,27,72,1,-1,-1,-1
291,2,352,219,34,88,1,-1,-1,-1
291,1,255,171,31,76,1,-1,-1,-1
291,3,592,148,27,73,1,-1,-1,-1
292,2,349,218,33,89,1,-1,-1,-1
292,1,258,168,31,76,1,-1,-1,-1
292,3,589,148,28,73,1,-1,-1,-1
293,11,153,154,27,73,1,-1,-1,-1
293,1,261,167,31,76,1,-1,-1,-1
293,3,587,149,29,74,1,-1,-1,-1
294,11,156,154,26,74,1,-1,-1,-1
294,6,284,158,26,65,1,-1,-1,-1
294,1,265,167,31,75,1,-1,-1,-1
294,3,586,150,28,74,1,-1,-1,-1
295,11,162,155,27,75,1,-1,-1,-1
295,1,269,166,31,74,1,-1,-1,-1
295,3,584,152,29,75,1,-1,-1,-1
296,11,166,156,27,75,1,-1,-1,-1
296,1,272,164,31,74,1,-1,-1,-1
296,3,583,153,29,75,1,-1,-1,-1
297,1,276,162,30,74,1,-1,-1,-1
297,3,583,153,29,75,1,-1,-1,-1
298,2,326,212,36,87,1,-1,-1,-1
298,1,278,162,31,74,1,-1,-1,-1
298,3,582,154,30,75,1,-1,-1,-1
299,2,324,211,36,87,1,-1,-1,-1
299,1,281,162,31,73,1,-1,-1,-1
299,3,582,155,30,75,1,-1,-1,-1
300,2,317,210,34,86,1,-1,-1,-1
300,1,289,160,29,73,1,-1,-1,-1
300,3,582,158,29,76,1,-1,-1,-1
301,2,312,210,33,86,1,-1,-1,-1
301,1,294,159,28,72,1,-1,-1,-1
301,3,581,160,30,76,1,-1,-1,-1
302,11,190,158,31,77,1,-1,-1,-1
302,2,310,209,32,86,1,-1,-1,-1
302,3,581,160,29,77,1,-1,-1,-1
303,2,308,209,32,86,1,-1,-1,-1
303,3,580,160,30,77,1,-1,-1,-1
303,4,620,162,25,74,1,-1,-1,-1
304,3,581,162,29,77,1,-1,-1,-1
305,1,318,155,27,71,1,-1,-1,-1
305,3,582,163,29,77,1,-1,-1,-1
306,1,327,154,27,71,1,-1,-1,-1
306,3,583,166,30,78,1,-1,-1,-1
307,1,330,154,30,71,1,-1,-1,-1
307,3,585,166,29,78,1,-1,-1,-1
308,2,284,203,37,85,1,-1,-1,-1
308,1,334,153,31,71,1,-1,-1,-1
308,3,585,166,30,79,1,-1,-1,-1
309,2,282,202,37,84,1,-1,-1,-1
309,1,340,152,29,71,1,-1,-1,-1
309,3,586,167,30,79,1,-1,-1,-1
310,1,351,152,31,70,1,-1,-1,-1
310,3,587,169,30,79,1,-1,-1,-1
311,3,587,170,30,80,1,-1,-1,-1
312,11,250,162,30,81,1,-1,-1,-1
312,6,184,167,25,64,1,-1,-1,-1
312,3,586,171,31,81,1,-1,-1,-1
313,11,257,163,31,81,1,-1,-1,-1
313,6,181,168,25,64,1,-1,-1,-1
313,3,587,172,30,80,1,-1,-1,-1
314,6,179,168,26,65,1,-1,-1,-1
314,3,587,173,30,81,1,-1,-1,-1
315,6,179,169,26,66,1,-1,-1,-1
315,3,588,175,29,81,1,-1,-1,-1
316,2,256,196,31,82,1,-1,-1,-1
316,6,181,170,26,66,1,-1,-1,-1
316,1,396,149,27,69,1,-1,-1,-1
316,3,590,177,29,82,1,-1,-1,-1
317,2,254,196,31,81,1,-1,-1,-1
317,6,183,171,26,66,1,-1,-1,-1
317,1,401,146,26,64,1,-1,-1,-1
317,3,591,177,29,83,1,-1,-1,-1
318,2,252,196,31,81,1,-1,-1,-1
318,6,186,172,25,67,1,-1,-1,-1
318,1,405,145,24,62,1,-1,-1,-1
318,3,592,178,30,82,1,-1,-1,-1
319,11,287,167,34,79,1,-1,-1,-1
319,2,250,195,32,82,1,-1,-1,-1
319,6,188,173,25,66,1,-1,-1,-1
319,3,592,179,31,83,1,-1,-1,-1
320,11,296,167,33,80,1,-1,-1,-1
320,2,252,195,30,82,1,-1,-1,-1
320,6,194,175,25,66,1,-1,-1,-1
320,3,594,181,31,84,1,-1,-1,-1
321,11,302,167,34,81,1,-1,-1,-1
321,3,595,183,31,84,1,-1,-1,-1
322,11,307,168,34,82,1,-1,-1,-1
323,11,310,168,34,83,1,-1,-1,-1
325,1,449,145,30,73,1,-1,-1,-1
326,1,454,145,30,74,1,-1,-1,-1
327,1,461,145,32,75,1,-1,-1,-1
328,1,465,146,32,75,1,-1,-1,-1
328,11,337,170,37,84,1,-1,-1,-1
329,1,468,146,31,74,1,-1,-1,-1
329,11,343,170,35,84,1,-1,-1,-1
329,3,611,192,30,87,1,-1,-1,-1
329,6,244,175,31,70,1,-1,-1,-1
330,6,252,175,29,69,1,-1,-1,-1
330,1,474,147,30,73,1,-1,-1,-1
330,11,354,171,34,85,1,-1,-1,-1
330,3,612,194,31,86,1,-1,-1,-1
331,6,259,175,29,69,1,-1,-1,-1
331,1,478,148,31,73,1,-1,-1,-1
331,11,360,172,35,85,1,-1,-1,-1
331,3,614,196,31,86,1,-1,-1,-1
331,2,289,201,34,81,1,-1,-1,-1
332,2,293,203,32,81,1,-1,-1,-1
332,6,264,175,29,70,1,-1,-1,-1
332,1,481,149,31,73,1,-1,-1,-1
332,4,646,199,29,84,1,-1,-1,-1
332,11,363,173,36,85,1,-1,-1,-1
332,3,615,198,31,87,1,-1,-1,-1
333,2,299,205,31,80,1,-1,-1,-1
333,6,270,175,29,69,1,-1,-1,-1
333,1,483,150,31,74,1,-1,-1,-1
333,3,618,199,31,88,1,-1,-1,-1
334,6,276,176,27,68,1,-1,-1,-1
334,1,484,151,32,74,1,-1,-1,-1
334,3,619,200,32,88,1,-1,-1,-1
335,6,281,176,26,69,1,-1,-1,-1
335,1,484,152,32,74,1,-1,-1,-1
335,3,621,201,31,88,1,-1,-1,-1
336,6,287,178,28,68,1,-1,-1,-1
336,1,485,155,30,74,1,-1,-1,-1
336,3,624,205,31,88,1,-1,-1,-1
337,2,317,207,34,84,1,-1,-1,-1
337,6,292,178,27,69,1,-1,-1,-1
337,1,485,156,28,75,1,-1,-1,-1
337,11,392,175,36,87,1,-1,-1,-1
337,3,626,206,32,90,1,-1,-1,-1
338,2,322,208,33,84,1,-1,-1,-1
338,1,483,156,29,75,1,-1,-1,-1
338,3,629,207,31,90,1,-1,-1,-1
339,2,327,210,32,85,1,-1,-1,-1
339,1,481,158,29,76,1,-1,-1,-1
339,3,633,208,32,91,1,-1,-1,-1
340,2,332,211,32,86,1,-1,-1,-1
340,1,478,160,31,77,1,-1,-1,-1
340,3,636,210,32,91,1,-1,-1,-1
341,2,336,213,32,86,1,-1,-1,-1
341,6,314,179,26,69,1,-1,-1,-1
341,1,476,161,31,77,1,-1,-1,-1
341,3,638,211,32,91,1,-1,-1,-1
342,2,342,214,31,87,1,-1,-1,-1
342,4,671,212,31,88,1,-1,-1,-1
343,2,347,215,31,86,1,-1,-1,-1
343,4,673,213,32,88,1,-1,-1,-1
344,2,353,216,32,87,1,-1,-1,-1
344,4,674,213,34,88,1,-1,-1,-1
345,2,357,218,34,88,1,-1,-1,-1
346,2,361,219,33,89,1,-1,-1,-1
347,2,365,219,33,89,1,-1,-1,-1
347,11,451,181,37,91,1,-1,-1,-1
347,3,654,219,34,94,1,-1,-1,-1
348,2,368,220,34,90,1,-1,-1,-1
348,11,458,181,36,91,1,-1,-1,-1
348,3,655,220,34,94,1,-1,-1,-1
349,2,372,222,34,91,1,-1,-1,-1
349,11,464,183,35,91,1,-1,-1,-1
349,3,657,220,34,95,1,-1,-1,-1
350,2,376,224,34,92,1,-1,-1,-1
350,11,469,184,35,91,1,-1,-1,-1
350,3,661,220,34,95,1,-1,-1,-1
351,11,473,185,36,92,1,-1,-1,-1
352,11,478,186,35,91,1,-1,-1,-1
353,4,701,227,33,93,1,-1,-1,-1
354,4,704,228,34,93,1,-1,-1,-1
355,2,401,240,32,86,1,-1,-1,-1
355,4,708,229,33,93,1,-1,-1,-1
356,2,407,242,33,84,1,-1,-1,-1
356,11,502,189,39,92,1,-1,-1,-1
357,2,416,244,33,86,1,-1,-1,-1
357,11,513,189,38,92,1,-1,-1,-1
358,2,421,245,34,88,1,-1,-1,-1
358,11,520,190,38,93,1,-1,-1,-1
359,11,526,191,37,94,1,-1,-1,-1
360,11,529,193,39,93,1,-1,-1,-1
360,3,694,237,35,100,1,-1,-1,-1
361,11,531,193,39,94,1,-1,-1,-1
361,3,697,238,36,100,1,-1,-1,-1
361,1,369,175,32,73,1,-1,-1,-1
362,1,364,174,33,74,1,-1,-1,-1
362,6,448,180,28,73,1,-1,-1,-1
362,3,702,240,36,101,1,-1,-1,-1
363,1,360,174,34,74,1,-1,-1,-1
363,6,454,179,27,72,1,-1,-1,-1
363,4,737,241,32,94,1,-1,-1,-1
363,3,705,242,36,101,1,-1,-1,-1
364,1,357,173,35,75,1,-1,-1,-1
364,6,459,178,28,73,1,-1,-1,-1
364,3,707,244,37,101,1,-1,-1,-1
365,6,465,178,29,73,1,-1,-1,-1
365,3,710,247,39,103,1,-1,-1,-1
366,6,469,176,29,73,1,-1,-1,-1
366,11,562,197,40,94,1,-1,-1,-1
366,3,714,248,39,104,1,-1,-1,-1
367,6,472,175,29,73,1,-1,-1,-1
367,11,570,197,39,95,1,-1,-1,-1
368,6,476,174,30,74,1,-1,-1,-1
368,11,578,197,39,96,1,-1,-1,-1
369,6,481,174,30,74,1,-1,-1,-1
369,11,585,199,40,96,1,-1,-1,-1
370,6,484,173,32,74,1,-1,-1,-1
370,11,589,201,41,96,1,-1,-1,-1
371,6,488,171,32,73,1,-1,-1,-1
371,11,591,202,42,96,1,-1,-1,-1
371,3,730,257,39,103,1,-1,-1,-1
372,6,493,171,31,72,1,-1,-1,-1
373,6,496,170,32,73,1,-1,-1,-1
374,6,502,169,30,73,1,-1,-1,-1
375,6,506,168,28,72,1,-1,-1,-1
376,2,530,258,40,102,1,-1,-1,-1
376,11,621,208,43,96,1,-1,-1,-1
377,1,298,174,33,75,1,-1,-1,-1
377,2,537,262,39,102,1,-1,-1,-1
377,11,633,208,41,96,1,-1,-1,-1
378,1,294,174,33,75,1,-1,-1,-1
378,2,541,263,39,104,1,-1,-1,-1
378,11,642,208,40,98,1,-1,-1,-1
379,1,288,174,33,75,1,-1,-1,-1
379,6,524,164,29,71,1,-1,-1,-1
379,11,647,210,40,98,1,-1,-1,-1
380,1,283,175,32,75,1,-1,-1,-1
380,6,529,163,29,70,1,-1,-1,-1
380,11,650,211,41,98,1,-1,-1,-1
381,1,278,177,32,76,1,-1,-1,-1
381,6,535,162,29,70,1,-1,-1,-1
381,11,655,212,40,98,1,-1,-1,-1
382,1,275,177,31,76,1,-1,-1,-1
382,6,539,161,28,70,1,-1,-1,-1
383,6,542,159,27,70,1,-1,-1,-1
384,6,548,158,28,70,1,-1,-1,-1
385,2,592,273,43,107,1,-1,-1,-1
385,6,552,157,27,70,1,-1,-1,-1
386,2,596,275,43,108,1,-1,-1,-1
386,6,554,156,28,69,1,-1,-1,-1
386,11,683,214,43,102,1,-1,-1,-1
387,2,600,278,44,108,1,-1,-1,-1
387,6,560,154,27,68,1,-1,-1,-1
387,11,695,215,42,101,1,-1,-1,-1
388,6,564,153,27,68,1,-1,-1,-1
388,11,704,216,41,102,1,-1,-1,-1
389,6,566,153,28,68,1,-1,-1,-1
389,11,709,218,41,103,1,-1,-1,-1
390,6,569,151,27,67,1,-1,-1,-1
390,11,713,221,42,103,1,-1,-1,-1
391,6,571,150,27,66,1,-1,-1,-1
391,11,719,223,40,103,1,-1,-1,-1
392,1,253,189,33,80,1,-1,-1,-1
392,6,573,150,27,65,1,-1,-1,-1
393,1,255,193,32,80,1,-1,-1,-1
393,6,577,148,26,66,1,-1,-1,-1
394,1,255,194,32,81,1,-1,-1,-1
394,6,580,145,26,66,1,-1,-1,-1
395,1,256,194,31,82,1,-1,-1,-1
395,6,582,144,27,65,1,-1,-1,-1
396,1,259,196,31,82,1,-1,-1,-1
396,6,586,143,27,65,1,-1,-1,-1
397,1,262,197,31,83,1,-1,-1,-1
397,2,672,294,44,113,1,-1,-1,-1
397,6,587,143,28,64,1,-1,-1,-1
398,1,265,197,30,84,1,-1,-1,-1
398,6,588,141,27,65,1,-1,-1,-1
399,1,267,198,30,83,1,-1,-1,-1
399,6,589,140,26,64,1,-1,-1,-1
400,6,590,140,26,64,1,-1,-1,-1
401,6,590,139,27,64,1,-1,-1,-1
402,6,591,138,27,64,1,-1,-1,-1
403,6,592,137,27,63,1,-1,-1,-1
404,2,709,301,49,113,1,-1,-1,-1
404,6,592,136,26,63,1,-1,-1,-1
410,6,573,137,29,64,1,-1,-1,-1
411,6,573,138,27,62,1,-1,-1,-1
412,6,573,139,26,62,1,-1,-1,-1
413,6,572,140,26,61,1,-1,-1,-1
414,6,571,141,26,61,1,-1,-1,-1
415,6,568,141,25,62,1,-1,-1,-1
416,6,565,142,25,61,1,-1,-1,-1
417,6,562,142,25,62,1,-1,-1,-1
418,6,560,143,24,63,1,-1,-1,-1
419,6,558,144,24,63,1,-1,-1,-1
419,1,291,206,31,86,1,-1,-1,-1
420,6,554,145,24,63,1,-1,-1,-1
420,1,290,205,32,87,1,-1,-1,-1
421,6,552,145,23,63,1,-1,-1,-1
421,1,292,205,32,87,1,-1,-1,-1
422,6,548,146,24,63,1,-1,-1,-1
423,6,544,147,25,64,1,-1,-1,-1
424,6,541,148,25,64,1,-1,-1,-1
425,6,537,148,25,65,1,-1,-1,-1
426,6,533,149,27,66,1,-1,-1,-1
427,6,530,151,28,66,1,-1,-1,-1
428,6,528,152,28,67,1,-1,-1,-1
429,6,527,153,28,67,1,-1,-1,-1
430,6,525,154,28,67,1,-1,-1,-1
431,6,522,155,28,68,1,-1,-1,-1
432,6,520,157,28,68,1,-1,-1,-1
433,6,516,158,28,68,1,-1,-1,-1
434,6,513,159,28,69,1,-1,-1,-1
435,6,511,161,28,68,1,-1,-1,-1
436,6,510,162,27,69,1,-1,-1,-1
437,6,507,163,27,69,1,-1,-1,-1
438,6,505,164,27,69,1,-1,-1,-1
439,6,501,166,28,69,1,-1,-1,-1
440,6,499,168,28,69,1,-1,-1,-1
441,6,495,169,28,70,1,-1,-1,-1
442,6,492,170,28,71,1,-1,-1,-1
443,6,491,172,27,71,1,-1,-1,-1
444,6,489,174,28,72,1,-1,-1,-1
445,6,488,175,29,72,1,-1,-1,-1
446,6,488,176,28,72,1,-1,-1,-1
446,13,581,250,36,95,1,-1,-1,-1
447,13,577,249,35,95,1,-1,-1,-1
447,6,487,177,29,73,1,-1,-1,-1
448,13,574,249,34,94,1,-1,-1,-1
448,6,487,179,28,74,1,-1,-1,-1
448,1,301,204,29,85,1,-1,-1,-1
449,6,486,180,28,75,1,-1,-1,-1
450,6,485,181,29,75,1,-1,-1,-1
451,6,485,183,29,76,1,-1,-1,-1
452,13,553,242,35,93,1,-1,-1,-1
452,6,485,185,29,76,1,-1,-1,-1
453,13,550,241,36,93,1,-1,-1,-1
453,6,487,187,29,76,1,-1,-1,-1
454,13,544,238,34,92,1,-1,-1,-1
454,6,488,188,30,77,1,-1,-1,-1
454,1,318,207,32,84,1,-1,-1,-1
455,13,540,236,33,92,1,-1,-1,-1
455,6,490,190,30,79,1,-1,-1,-1
455,1,321,207,32,84,1,-1,-1,-1
456,13,537,236,33,92,1,-1,-1,-1
456,6,492,193,29,78,1,-1,-1,-1
456,1,324,209,31,84,1,-1,-1,-1
457,13,531,234,32,92,1,-1,-1,-1
457,6,494,195,30,79,1,-1,-1,-1
457,1,329,211,31,85,1,-1,-1,-1
458,6,496,196,30,79,1,-1,-1,-1
459,6,498,199,31,79,1,-1,-1,-1
460,6,501,201,31,78,1,-1,-1,-1
462,13,505,227,34,88,1,-1,-1,-1
462,1,353,212,34,87,1,-1,-1,-1
463,1,360,213,36,87,1,-1,-1,-1
464,1,365,214,38,89,1,-1,-1,-1
465,6,518,213,30,81,1,-1,-1,-1
465,1,370,216,39,89,1,-1,-1,-1
466,6,522,216,31,82,1,-1,-1,-1
467,6,525,218,31,83,1,-1,-1,-1
468,6,528,219,31,83,1,-1,-1,-1
469,6,533,222,32,84,1,-1,-1,-1
470,13,459,215,34,86,1,-1,-1,-1
470,6,536,225,32,85,1,-1,-1,-1
470,1,399,227,34,87,1,-1,-1,-1
471,6,539,227,32,87,1,-1,-1,-1
471,8,670,299,43,121,1,-1,-1,-1
472,6,542,228,31,87,1,-1,-1,-1
473,6,547,231,33,88,1,-1,-1,-1
474,6,550,234,33,88,1,-1,-1,-1
475,6,553,235,34,89,1,-1,-1,-1
476,8,634,283,46,122,1,-1,-1,-1
476,6,557,236,34,89,1,-1,-1,-1
477,8,631,280,46,122,1,-1,-1,-1
477,6,560,237,34,91,1,-1,-1,-1
478,8,621,276,45,121,1,-1,-1,-1
478,6,565,242,34,91,1,-1,-1,-1
479,8,615,274,44,120,1,-1,-1,-1
479,6,569,244,33,92,1,-1,-1,-1
479,1,449,233,38,93,1,-1,-1,-1
480,8,611,273,42,120,1,-1,-1,-1
480,6,572,245,33,92,1,-1,-1,-1
480,1,455,234,39,95,1,-1,-1,-1
481,6,577,248,34,93,1,-1,-1,-1
481,1,463,238,41,96,1,-1,-1,-1
482,6,581,250,34,92,1,-1,-1,-1
482,1,468,239,42,98,1,-1,-1,-1
483,6,584,250,34,91,1,-1,-1,-1
483,1,472,240,40,98,1,-1,-1,-1
484,1,479,241,40,100,1,-1,-1,-1
485,1,485,244,40,99,1,-1,-1,-1
486,8,583,259,40,114,1,-1,-1,-1
486,1,488,245,40,100,1,-1,-1,-1
487,8,578,257,40,113,1,-1,-1,-1
488,8,573,256,40,112,1,-1,-1,-1
489,8,571,255,39,113,1,-1,-1,-1
490,1,510,255,42,103,1,-1,-1,-1
491,6,615,264,34,96,1,-1,-1,-1
492,6,616,265,35,96,1,-1,-1,-1
493,6,617,265,35,96,1,-1,-1,-1
494,6,617,267,35,96,1,-1,-1,-1
495,6,616,268,35,97,1,-1,-1,-1
495,1,533,264,41,106,1,-1,-1,-1
496,6,614,269,36,97,1,-1,-1,-1
496,13,334,188,34,80,1,-1,-1,-1
497,13,324,188,33,79,1,-1,-1,-1
497,6,612,270,36,98,1,-1,-1,-1
498,13,320,188,32,79,1,-1,-1,-1
498,6,611,272,36,99,1,-1,-1,-1
499,13,315,188,32,79,1,-1,-1,-1
500,13,309,186,33,79,1,-1,-1,-1
503,1,576,285,42,109,1,-1,-1,-1
507,13,273,185,31,78,1,-1,-1,-1
508,13,270,185,31,78,1,-1,-1,-1
509,13,268,185,31,78,1,-1,-1,-1
510,13,262,183,29,77,1,-1,-1,-1
511,13,257,182,30,77,1,-1,-1,-1
512,13,254,182,31,76,1,-1,-1,-1
513,13,252,182,32,76,1,-1,-1,-1
513,1,657,313,49,113,1,-1,-1,-1
513,6,613,271,38,102,1,-1,-1,-1
514,13,249,182,33,75,1,-1,-1,-1
514,6,613,272,38,101,1,-1,-1,-1
515,13,242,181,31,75,1,-1,-1,-1
515,6,612,272,39,101,1,-1,-1,-1
516,13,238,181,29,75,1,-1,-1,-1
516,6,612,272,39,101,1,-1,-1,-1
516,1,687,317,48,116,1,-1,-1,-1
517,13,234,180,30,75,1,-1,-1,-1
517,1,695,319,48,118,1,-1,-1,-1
517,6,612,272,39,100,1,-1,-1,-1
517,2,676,217,37,95,1,-1,-1,-1
518,2,671,216,37,95,1,-1,-1,-1
518,13,232,179,29,75,1,-1,-1,-1
518,1,706,321,49,118,1,-1,-1,-1
518,6,613,272,39,100,1,-1,-1,-1
519,2,669,215,35,95,1,-1,-1,-1
519,13,229,178,28,74,1,-1,-1,-1
519,1,713,323,51,120,1,-1,-1,-1
519,6,616,272,37,100,1,-1,-1,-1
520,13,226,177,27,74,1,-1,-1,-1
520,1,722,329,48,120,1,-1,-1,-1
520,6,619,271,37,98,1,-1,-1,-1
521,13,223,177,28,73,1,-1,-1,-1
522,13,220,177,29,73,1,-1,-1,-1
523,2,651,209,34,92,1,-1,-1,-1
523,13,216,176,31,73,1,-1,-1,-1
524,2,647,207,34,91,1,-1,-1,-1
525,2,642,204,33,91,1,-1,-1,-1
526,2,636,202,34,89,1,-1,-1,-1
527,2,632,200,34,84,1,-1,-1,-1
528,2,628,199,34,83,1,-1,-1,-1
528,13,197,173,28,72,1,-1,-1,-1
529,2,626,198,33,82,1,-1,-1,-1
529,13,194,173,27,71,1,-1,-1,-1
529,6,632,269,34,98,1,-1,-1,-1
530,2,625,198,32,82,1,-1,-1,-1
530,13,191,172,28,72,1,-1,-1,-1
530,6,632,270,34,97,1,-1,-1,-1
531,2,622,196,32,84,1,-1,-1,-1
531,13,188,172,29,71,1,-1,-1,-1
531,6,633,270,34,98,1,-1,-1,-1
532,2,620,194,33,85,1,-1,-1,-1
532,13,185,172,29,70,1,-1,-1,-1
532,6,633,271,34,98,1,-1,-1,-1
533,2,618,193,35,86,1,-1,-1,-1
533,13,182,171,28,70,1,-1,-1,-1
533,6,633,273,35,98,1,-1,-1,-1
534,2,616,191,36,87,1,-1,-1,-1
534,6,633,275,35,98,1,-1,-1,-1
535,2,615,189,36,85,1,-1,-1,-1
535,6,633,275,36,99,1,-1,-1,-1
536,2,612,187,37,85,1,-1,-1,-1
536,6,634,277,36,100,1,-1,-1,-1
537,2,611,186,37,85,1,-1,-1,-1
537,13,170,169,26,70,1,-1,-1,-1
537,6,635,279,37,101,1,-1,-1,-1
538,2,610,185,37,85,1,-1,-1,-1
538,13,166,168,26,70,1,-1,-1,-1
538,6,636,282,37,101,1,-1,-1,-1
539,2,609,182,36,84,1,-1,-1,-1
539,13,163,168,26,69,1,-1,-1,-1
539,6,638,283,38,103,1,-1,-1,-1
540,2,607,180,36,83,1,-1,-1,-1
540,13,161,168,26,69,1,-1,-1,-1
540,6,640,285,38,102,1,-1,-1,-1
541,2,606,179,36,83,1,-1,-1,-1
541,13,158,168,28,69,1,-1,-1,-1
541,6,640,287,39,102,1,-1,-1,-1
542,2,605,179,35,83,1,-1,-1,-1
542,13,155,168,27,68,1,-1,-1,-1
542,6,640,289,39,103,1,-1,-1,-1
542,4,271,376,54,136,1,-1,-1,-1
543,4,267,376,52,136,1,-1,-1,-1
543,2,604,178,34,82,1,-1,-1,-1
543,6,639,291,40,104,1,-1,-1,-1
544,4,263,376,53,136,1,-1,-1,-1
544,2,601,177,35,81,1,-1,-1,-1
544,6,638,294,40,104,1,-1,-1,-1
545,4,260,375,51,136,1,-1,-1,-1
545,2,599,174,34,80,1,-1,-1,-1
545,6,633,295,42,105,1,-1,-1,-1
546,4,256,373,52,138,1,-1,-1,-1
546,2,598,172,34,81,1,-1,-1,-1
546,6,632,296,42,105,1,-1,-1,-1
547,4,250,371,52,138,1,-1,-1,-1
547,2,598,172,34,80,1,-1,-1,-1
547,6,631,298,42,107,1,-1,-1,-1
548,4,246,369,50,137,1,-1,-1,-1
548,2,598,171,34,79,1,-1,-1,-1
548,6,631,300,41,108,1,-1,-1,-1
549,4,241,369,51,136,1,-1,-1,-1
549,2,598,167,33,79,1,-1,-1,-1
550,4,237,370,52,136,1,-1,-1,-1
550,2,597,166,34,78,1,-1,-1,-1
551,4,234,373,52,136,1,-1,-1,-1
551,2,596,165,33,78,1,-1,-1,-1
551,13,125,166,29,66,1,-1,-1,-1
551,3,162,367,62,148,1,-1,-1,-1
552,4,229,373,53,137,1,-1,-1,-1
552,3,161,364,61,145,1,-1,-1,-1
552,2,594,165,33,78,1,-1,-1,-1
552,13,121,166,29,66,1,-1,-1,-1
553,4,226,372,53,138,1,-1,-1,-1
553,3,160,361,60,144,1,-1,-1,-1
553,2,592,164,33,78,1,-1,-1,-1
554,3,160,359,58,144,1,-1,-1,-1
554,2,588,161,33,78,1,-1,-1,-1
555,3,160,358,56,144,1,-1,-1,-1
555,2,586,160,33,77,1,-1,-1,-1
556,3,161,357,54,144,1,-1,-1,-1
556,2,586,159,32,77,1,-1,-1,-1
556,13,103,166,30,66,1,-1,-1,-1
557,3,162,355,53,142,1,-1,-1,-1
557,2,584,158,33,77,1,-1,-1,-1
557,13,96,167,29,65,1,-1,-1,-1
558,4,207,384,58,142,1,-1,-1,-1
558,3,164,353,52,141,1,-1,-1,-1
558,2,583,158,33,76,1,-1,-1,-1
558,13,91,168,27,66,1,-1,-1,-1
559,4,202,386,60,142,1,-1,-1,-1
559,2,583,158,32,75,1,-1,-1,-1
559,13,88,168,27,67,1,-1,-1,-1
560,4,196,389,58,142,1,-1,-1,-1
560,2,582,157,32,76,1,-1,-1,-1
560,13,85,170,28,66,1,-1,-1,-1
561,4,194,392,55,143,1,-1,-1,-1
561,2,582,157,32,76,1,-1,-1,-1
561,13,83,170,28,67,1,-1,-1,-1
562,4,188,393,57,144,1,-1,-1,-1
562,2,583,157,31,76,1,-1,-1,-1
562,13,79,170,27,67,1,-1,-1,-1
563,4,185,392,60,146,1,-1,-1,-1
563,2,583,157,31,76,1,-1,-1,-1
563,13,72,170,26,68,1,-1,-1,-1
563,8,374,155,27,78,1,-1,-1,-1
564,4,183,394,60,147,1,-1,-1,-1
564,13,66,171,27,67,1,-1,-1,-1
565,4,180,397,60,148,1,-1,-1,-1
568,8,356,151,28,77,1,-1,-1,-1
569,8,349,148,29,78,1,-1,-1,-1
570,8,344,147,29,77,1,-1,-1,-1
570,13,35,176,29,68,1,-1,-1,-1
571,4,171,412,64,149,1,-1,-1,-1
571,2,569,162,28,74,1,-1,-1,-1
571,8,340,147,28,77,1,-1,-1,-1
572,4,168,412,64,151,1,-1,-1,-1
572,2,567,162,29,74,1,-1,-1,-1
572,8,337,147,29,77,1,-1,-1,-1
573,4,165,413,64,151,1,-1,-1,-1
573,2,565,163,30,75,1,-1,-1,-1
573,8,335,146,27,76,1,-1,-1,-1
574,4,160,414,64,152,1,-1,-1,-1
574,2,565,165,30,76,1,-1,-1,-1
575,4,157,417,62,153,1,-1,-1,-1
575,2,566,166,30,76,1,-1,-1,-1
576,4,157,419,63,154,1,-1,-1,-1
576,2,567,166,31,77,1,-1,-1,-1
576,3,195,340,56,140,1,-1,-1,-1
577,3,200,340,54,138,1,-1,-1,-1
577,4,161,422,62,154,1,-1,-1,-1
577,2,570,167,31,77,1,-1,-1,-1
578,3,205,338,52,138,1,-1,-1,-1
578,4,164,424,61,153,1,-1,-1,-1
578,2,572,169,30,77,1,-1,-1,-1
579,3,210,337,52,138,1,-1,-1,-1
579,4,167,426,60,151,1,-1,-1,-1
579,2,574,169,30,78,1,-1,-1,-1
579,8,297,144,29,74,1,-1,-1,-1
580,3,215,335,51,139,1,-1,-1,-1
580,4,172,426,59,151,1,-1,-1,-1
580,2,576,171,30,78,1,-1,-1,-1
580,8,292,144,30,74,1,-1,-1,-1
581,3,225,335,51,138,1,-1,-1,-1
581,4,182,428,63,149,1,-1,-1,-1
581,2,579,171,31,79,1,-1,-1,-1
581,7,677,231,39,96,1,-1,-1,-1
582,7,672,229,39,97,1,-1,-1,-1
582,4,186,428,65,149,1,-1,-1,-1
582,2,582,172,31,80,1,-1,-1,-1
583,7,668,227,38,98,1,-1,-1,-1
583,4,190,427,65,149,1,-1,-1,-1
583,2,586,174,32,80,1,-1,-1,-1
584,2,590,176,32,81,1,-1,-1,-1
585,2,595,177,31,81,1,-1,-1,-1
586,2,599,178,34,81,1,-1,-1,-1
587,4,230,426,61,150,1,-1,-1,-1
587,2,605,182,34,82,1,-1,-1,-1
588,7,637,219,36,93,1,-1,-1,-1
588,3,299,320,53,130,1,-1,-1,-1
588,4,235,427,60,150,1,-1,-1,-1
588,2,608,184,35,82,1,-1,-1,-1
589,7,631,218,37,91,1,-1,-1,-1
589,3,308,320,55,129,1,-1,-1,-1
589,4,240,428,58,149,1,-1,-1,-1
589,2,611,185,34,83,1,-1,-1,-1
589,8,239,144,29,73,1,-1,-1,-1
590,7,623,219,38,90,1,-1,-1,-1
590,4,254,430,60,147,1,-1,-1,-1
590,2,615,186,33,81,1,-1,-1,-1
590,8,235,145,30,72,1,-1,-1,-1
591,7,619,216,37,91,1,-1,-1,-1
591,4,261,432,62,145,1,-1,-1,-1
591,2,622,190,33,81,1,-1,-1,-1
591,8,231,144,30,72,1,-1,-1,-1
592,4,262,432,62,145,1,-1,-1,-1
595,7,596,211,36,90,1,-1,-1,-1
595,2,641,198,39,84,1,-1,-1,-1
595,8,211,145,30,71,1,-1,-1,-1
596,7,593,209,36,89,1,-1,-1,-1
596,2,644,200,38,86,1,-1,-1,-1
596,8,208,144,30,72,1,-1,-1,-1
597,7,588,207,37,89,1,-1,-1,-1
597,2,646,201,39,86,1,-1,-1,-1
597,8,204,144,29,71,1,-1,-1,-1
598,4,265,433,54,143,1,-1,-1,-1
598,2,650,203,37,86,1,-1,-1,-1
598,8,197,144,28,71,1,-1,-1,-1
599,4,268,433,55,143,1,-1,-1,-1
599,2,655,205,38,87,1,-1,-1,-1
599,8,193,144,29,71,1,-1,-1,-1
600,4,272,433,55,143,1,-1,-1,-1
600,2,659,208,37,87,1,-1,-1,-1
600,8,192,144,28,71,1,-1,-1,-1
601,4,279,432,53,143,1,-1,-1,-1
601,2,667,209,38,88,1,-1,-1,-1
601,8,188,144,27,70,1,-1,-1,-1
602,4,286,431,52,144,1,-1,-1,-1
602,2,672,210,38,89,1,-1,-1,-1
603,3,461,300,54,119,1,-1,-1,-1
603,4,291,430,52,144,1,-1,-1,-1
603,2,677,212,38,90,1,-1,-1,-1
604,7,546,195,36,88,1,-1,-1,-1
604,3,474,297,49,118,1,-1,-1,-1
604,2,682,215,38,91,1,-1,-1,-1
605,7,537,194,37,87,1,-1,-1,-1
605,3,481,296,49,118,1,-1,-1,-1
605,2,686,217,37,91,1,-1,-1,-1
606,7,529,193,37,87,1,-1,-1,-1
606,3,492,295,49,119,1,-1,-1,-1
606,2,693,220,38,92,1,-1,-1,-1
606,8,164,143,28,69,1,-1,-1,-1
607,7,525,193,37,86,1,-1,-1,-1
607,3,501,294,46,117,1,-1,-1,-1
607,4,314,429,59,146,1,-1,-1,-1
607,2,698,223,38,92,1,-1,-1,-1
607,8,159,142,27,70,1,-1,-1,-1
608,7,522,191,36,86,1,-1,-1,-1
608,4,322,430,58,146,1,-1,-1,-1
608,2,701,225,38,93,1,-1,-1,-1
608,8,155,142,26,70,1,-1,-1,-1
609,4,332,428,58,147,1,-1,-1,-1
609,2,709,227,39,93,1,-1,-1,-1
609,8,152,142,27,69,1,-1,-1,-1
610,4,340,428,58,147,1,-1,-1,-1
610,2,715,228,41,95,1,-1,-1,-1
611,4,345,428,56,147,1,-1,-1,-1
611,2,719,231,42,95,1,-1,-1,-1
612,7,502,188,35,84,1,-1,-1,-1
612,4,349,427,55,148,1,-1,-1,-1
612,2,722,233,43,96,1,-1,-1,-1
613,7,495,184,34,83,1,-1,-1,-1
613,2,726,235,41,97,1,-1,-1,-1
614,7,489,182,36,83,1,-1,-1,-1
614,2,729,237,40,96,1,-1,-1,-1
615,7,484,181,37,83,1,-1,-1,-1
615,2,732,240,39,96,1,-1,-1,-1
615,8,135,141,26,68,1,-1,-1,-1
616,7,479,180,38,82,1,-1,-1,-1
616,8,131,140,26,68,1,-1,-1,-1
617,7,476,178,36,82,1,-1,-1,-1
618,7,471,175,33,82,1,-1,-1,-1
619,7,464,175,33,81,1,-1,-1,-1
620,7,460,174,34,81,1,-1,-1,-1
620,4,377,424,55,151,1,-1,-1,-1
621,7,457,173,34,81,1,-1,-1,-1
621,3,581,260,39,108,1,-1,-1,-1
621,4,376,423,56,152,1,-1,-1,-1
621,8,121,140,25,68,1,-1,-1,-1
622,7,448,172,35,79,1,-1,-1,-1
622,3,583,259,40,107,1,-1,-1,-1
622,4,374,421,56,153,1,-1,-1,-1
622,8,119,140,25,68,1,-1,-1,-1
622,6,603,290,44,110,1,-1,-1,-1
623,6,599,289,42,106,1,-1,-1,-1
623,7,443,171,35,79,1,-1,-1,-1
623,3,585,256,40,108,1,-1,-1,-1
623,4,371,419,56,154,1,-1,-1,-1
623,8,118,140,25,67,1,-1,-1,-1
624,6,595,286,41,105,1,-1,-1,-1
624,7,439,170,35,79,1,-1,-1,-1
624,8,116,140,25,67,1,-1,-1,-1
625,6,591,285,40,103,1,-1,-1,-1
625,7,438,169,33,79,1,-1,-1,-1
626,6,586,284,41,103,1,-1,-1,-1
627,6,581,281,39,102,1,-1,-1,-1
627,4,359,406,55,154,1,-1,-1,-1
628,6,577,277,38,101,1,-1,-1,-1
628,3,604,243,39,98,1,-1,-1,-1
628,4,358,405,55,154,1,-1,-1,-1
629,6,567,274,40,101,1,-1,-1,-1
629,3,610,239,39,98,1,-1,-1,-1
629,4,356,402,56,154,1,-1,-1,-1
630,6,562,272,40,101,1,-1,-1,-1
630,3,614,237,39,99,1,-1,-1,-1
630,4,356,399,56,151,1,-1,-1,-1
631,6,556,267,38,98,1,-1,-1,-1
631,3,619,235,39,99,1,-1,-1,-1
631,4,353,395,56,150,1,-1,-1,-1
632,6,551,264,38,98,1,-1,-1,-1
632,3,623,232,38,99,1,-1,-1,-1
632,4,351,394,55,149,1,-1,-1,-1
633,6,547,264,37,97,1,-1,-1,-1
633,3,626,228,38,98,1,-1,-1,-1
633,4,350,393,54,149,1,-1,-1,-1
634,6,543,262,36,97,1,-1,-1,-1
634,3,628,226,38,97,1,-1,-1,-1
634,4,347,392,54,148,1,-1,-1,-1
635,6,539,260,35,96,1,-1,-1,-1
635,3,630,225,38,98,1,-1,-1,-1
635,4,343,390,55,148,1,-1,-1,-1
636,6,535,257,35,95,1,-1,-1,-1
636,3,633,224,38,97,1,-1,-1,-1
636,4,339,388,55,149,1,-1,-1,-1
637,6,524,254,37,96,1,-1,-1,-1
637,3,638,220,38,96,1,-1,-1,-1
637,4,335,385,54,146,1,-1,-1,-1
638,6,519,252,38,95,1,-1,-1,-1
638,3,642,217,37,95,1,-1,-1,-1
638,4,334,384,53,144,1,-1,-1,-1
639,6,515,249,37,94,1,-1,-1,-1
639,7,377,159,30,73,1,-1,-1,-1
639,3,644,215,37,95,1,-1,-1,-1
639,4,334,383,52,144,1,-1,-1,-1
639,13,160,163,30,69,1,-1,-1,-1
640,6,511,247,35,92,1,-1,-1,-1
640,13,162,163,31,69,1,-1,-1,-1
640,7,371,159,30,72,1,-1,-1,-1
640,3,646,214,36,95,1,-1,-1,-1
640,4,334,383,53,143,1,-1,-1,-1
641,6,504,246,35,92,1,-1,-1,-1
641,7,364,159,30,72,1,-1,-1,-1
641,3,646,211,36,94,1,-1,-1,-1
641,4,334,383,53,143,1,-1,-1,-1
642,6,500,245,33,91,1,-1,-1,-1
642,7,360,159,31,72,1,-1,-1,-1
642,3,645,208,36,93,1,-1,-1,-1
642,4,334,383,53,143,1,-1,-1,-1
643,6,496,242,33,91,1,-1,-1,-1
643,7,357,158,30,72,1,-1,-1,-1
643,3,644,206,37,92,1,-1,-1,-1
643,4,335,383,53,143,1,-1,-1,-1
644,6,493,240,32,89,1,-1,-1,-1
644,3,643,205,38,92,1,-1,-1,-1
644,4,337,383,52,142,1,-1,-1,-1
645,6,486,239,34,88,1,-1,-1,-1
645,3,642,205,38,91,1,-1,-1,-1
645,4,338,382,52,141,1,-1,-1,-1
646,6,481,238,35,88,1,-1,-1,-1
646,3,642,203,38,92,1,-1,-1,-1
646,4,339,380,52,140,1,-1,-1,-1
647,6,479,236,34,88,1,-1,-1,-1
647,3,642,200,38,91,1,-1,-1,-1
647,4,340,379,51,140,1,-1,-1,-1
648,6,473,231,34,88,1,-1,-1,-1
648,3,643,196,36,90,1,-1,-1,-1
648,4,339,378,52,140,1,-1,-1,-1
649,6,470,229,34,88,1,-1,-1,-1
649,3,643,196,34,89,1,-1,-1,-1
649,4,338,377,52,141,1,-1,-1,-1
650,6,468,228,33,87,1,-1,-1,-1
650,13,214,156,28,68,1,-1,-1,-1
650,7,322,156,28,72,1,-1,-1,-1
650,3,641,195,34,88,1,-1,-1,-1
650,4,335,375,52,142,1,-1,-1,-1
651,6,466,226,33,87,1,-1,-1,-1
651,3,640,193,32,88,1,-1,-1,-1
651,4,332,372,52,143,1,-1,-1,-1
652,6,464,221,33,86,1,-1,-1,-1
652,3,636,189,33,87,1,-1,-1,-1
652,4,329,368,51,141,1,-1,-1,-1
653,6,463,219,32,86,1,-1,-1,-1
653,3,633,188,33,86,1,-1,-1,-1
653,4,327,366,51,139,1,-1,-1,-1
653,11,146,147,27,74,1,-1,-1,-1
654,11,149,147,27,75,1,-1,-1,-1
654,6,461,218,33,85,1,-1,-1,-1
654,13,235,155,29,66,1,-1,-1,-1
654,3,630,187,34,86,1,-1,-1,-1
654,4,326,365,51,139,1,-1,-1,-1
655,11,152,148,27,75,1,-1,-1,-1
655,6,459,216,33,85,1,-1,-1,-1
655,3,628,186,35,86,1,-1,-1,-1
655,4,324,364,51,139,1,-1,-1,-1
656,11,156,148,28,75,1,-1,-1,-1
656,6,458,213,32,84,1,-1,-1,-1
656,3,627,184,34,86,1,-1,-1,-1
656,4,323,362,51,139,1,-1,-1,-1
657,11,159,149,28,74,1,-1,-1,-1
657,6,457,211,32,83,1,-1,-1,-1
657,3,626,182,33,85,1,-1,-1,-1
657,4,321,360,50,138,1,-1,-1,-1
658,6,457,211,32,82,1,-1,-1,-1
658,7,286,157,31,71,1,-1,-1,-1
658,3,625,180,32,84,1,-1,-1,-1
658,4,318,359,49,136,1,-1,-1,-1
659,6,457,210,32,83,1,-1,-1,-1
659,7,280,156,31,72,1,-1,-1,-1
659,3,624,179,31,83,1,-1,-1,-1
659,4,312,358,51,137,1,-1,-1,-1
660,6,458,206,32,81,1,-1,-1,-1
660,7,273,156,30,72,1,-1,-1,-1
660,3,620,179,30,83,1,-1,-1,-1
660,4,304,358,53,136,1,-1,-1,-1
661,6,459,203,31,81,1,-1,-1,-1
661,7,267,155,32,72,1,-1,-1,-1
661,3,618,177,29,83,1,-1,-1,-1
661,4,299,356,56,136,1,-1,-1,-1
662,11,179,149,32,75,1,-1,-1,-1
662,6,459,202,32,81,1,-1,-1,-1
662,7,263,155,32,72,1,-1,-1,-1
662,3,614,175,30,81,1,-1,-1,-1
663,11,183,149,30,75,1,-1,-1,-1
663,6,459,201,31,81,1,-1,-1,-1
663,7,261,155,31,72,1,-1,-1,-1
663,3,609,173,31,81,1,-1,-1,-1
664,11,189,150,29,75,1,-1,-1,-1
664,6,459,198,31,79,1,-1,-1,-1
664,3,603,172,32,81,1,-1,-1,-1
665,11,193,151,29,75,1,-1,-1,-1
665,6,459,195,30,79,1,-1,-1,-1
665,3,599,172,32,80,1,-1,-1,-1
665,4,269,349,53,133,1,-1,-1,-1
666,6,460,194,30,79,1,-1,-1,-1
666,4,264,348,51,132,1,-1,-1,-1
667,6,461,193,31,78,1,-1,-1,-1
667,13,307,150,28,67,1,-1,-1,-1
667,7,244,154,29,71,1,-1,-1,-1
667,4,258,345,50,131,1,-1,-1,-1
668,6,463,190,30,77,1,-1,-1,-1
668,7,239,155,30,69,1,-1,-1,-1
669,6,464,188,30,76,1,-1,-1,-1
669,7,235,155,31,69,1,-1,-1,-1
670,6,466,187,29,76,1,-1,-1,-1
670,7,232,155,30,69,1,-1,-1,-1
670,3,577,164,31,79,1,-1,-1,-1
671,11,218,154,31,77,1,-1,-1,-1
671,6,467,185,29,76,1,-1,-1,-1
671,3,574,162,30,78,1,-1,-1,-1
672,11,222,153,30,78,1,-1,-1,-1
672,6,467,183,29,75,1,-1,-1,-1
672,13,331,150,28,66,1,-1,-1,-1
672,3,568,161,29,77,1,-1,-1,-1
673,11,227,154,29,78,1,-1,-1,-1
673,6,468,181,28,75,1,-1,-1,-1
673,3,563,161,29,77,1,-1,-1,-1
674,11,234,155,29,78,1,-1,-1,-1
674,6,469,180,29,74,1,-1,-1,-1
674,3,556,161,31,77,1,-1,-1,-1
675,11,237,156,31,78,1,-1,-1,-1
675,6,470,179,29,74,1,-1,-1,-1
675,3,553,160,31,77,1,-1,-1,-1
676,11,240,157,31,77,1,-1,-1,-1
676,6,472,178,29,74,1,-1,-1,-1
676,7,200,155,31,67,1,-1,-1,-1
676,4,194,337,50,126,1,-1,-1,-1
677,6,475,176,28,74,1,-1,-1,-1
677,7,194,155,32,67,1,-1,-1,-1
677,4,188,337,51,126,1,-1,-1,-1
678,6,478,174,28,73,1,-1,-1,-1
678,4,182,335,51,125,1,-1,-1,-1
679,6,480,173,27,73,1,-1,-1,-1
679,4,175,333,50,124,1,-1,-1,-1
680,11,261,158,34,79,1,-1,-1,-1
680,6,482,172,27,73,1,-1,-1,-1
681,11,270,158,33,79,1,-1,-1,-1
681,6,485,170,26,72,1,-1,-1,-1
682,11,276,159,32,79,1,-1,-1,-1
682,6,488,169,26,71,1,-1,-1,-1
683,11,282,159,31,80,1,-1,-1,-1
683,6,491,168,27,71,1,-1,-1,-1
683,4,142,327,51,123,1,-1,-1,-1
684,11,287,161,32,79,1,-1,-1,-1
684,6,495,167,28,71,1,-1,-1,-1
684,4,131,322,51,122,1,-1,-1,-1
685,6,498,166,28,71,1,-1,-1,-1
685,4,124,320,51,121,1,-1,-1,-1
686,6,502,165,27,70,1,-1,-1,-1
686,4,122,319,50,121,1,-1,-1,-1
686,14,399,236,38,94,1,-1,-1,-1
687,6,506,164,27,70,1,-1,-1,-1
687,7,152,160,28,67,1,-1,-1,-1
687,4,121,318,49,122,1,-1,-1,-1
688,6,512,164,26,69,1,-1,-1,-1
688,7,148,160,29,68,1,-1,-1,-1
688,4,119,316,48,122,1,-1,-1,-1
689,6,516,164,26,69,1,-1,-1,-1
689,7,147,161,29,68,1,-1,-1,-1
689,4,117,312,48,121,1,-1,-1,-1
690,11,316,162,34,81,1,-1,-1,-1
690,6,520,162,25,69,1,-1,-1,-1
690,13,433,143,24,65,1,-1,-1,-1
690,7,147,162,29,68,1,-1,-1,-1
690,4,115,309,47,119,1,-1,-1,-1
691,11,325,163,32,82,1,-1,-1,-1
691,6,524,161,26,68,1,-1,-1,-1
691,7,149,162,28,69,1,-1,-1,-1
691,4,115,307,47,118,1,-1,-1,-1
692,14,342,222,35,92,1,-1,-1,-1
692,11,330,163,32,81,1,-1,-1,-1
692,6,526,160,26,69,1,-1,-1,-1
692,7,151,162,29,70,1,-1,-1,-1
692,4,114,305,46,119,1,-1,-1,-1
693,11,333,163,32,80,1,-1,-1,-1
693,6,529,160,25,68,1,-1,-1,-1
693,7,153,163,30,70,1,-1,-1,-1
693,4,113,303,46,119,1,-1,-1,-1
693,3,440,155,30,71,1,-1,-1,-1
694,3,436,153,29,71,1,-1,-1,-1
694,6,530,159,25,69,1,-1,-1,-1
694,7,155,164,31,71,1,-1,-1,-1
694,4,111,300,47,117,1,-1,-1,-1
695,6,530,159,26,68,1,-1,-1,-1
695,7,157,165,31,72,1,-1,-1,-1
695,4,110,297,46,116,1,-1,-1,-1
696,6,530,159,26,68,1,-1,-1,-1
696,7,160,165,31,73,1,-1,-1,-1
696,4,108,295,46,116,1,-1,-1,-1
697,14,308,214,36,89,1,-1,-1,-1
697,6,529,161,26,68,1,-1,-1,-1
697,4,108,295,46,115,1,-1,-1,-1
698,14,297,213,35,88,1,-1,-1,-1
698,6,526,163,26,68,1,-1,-1,-1
698,4,106,291,46,114,1,-1,-1,-1
699,14,290,213,35,87,1,-1,-1,-1
699,6,523,164,27,67,1,-1,-1,-1
699,13,465,137,27,65,1,-1,-1,-1
699,4,103,288,45,112,1,-1,-1,-1
700,14,284,211,34,86,1,-1,-1,-1
700,11,360,172,32,83,1,-1,-1,-1
700,6,521,164,26,68,1,-1,-1,-1
700,4,101,286,45,112,1,-1,-1,-1
701,14,277,209,32,85,1,-1,-1,-1
701,11,365,172,32,83,1,-1,-1,-1
701,6,520,165,26,68,1,-1,-1,-1
701,4,100,286,44,111,1,-1,-1,-1
702,14,267,208,34,84,1,-1,-1,-1
702,11,371,174,31,84,1,-1,-1,-1
702,6,518,169,25,67,1,-1,-1,-1
702,4,96,283,43,110,1,-1,-1,-1
703,14,259,206,33,83,1,-1,-1,-1
703,11,376,175,31,85,1,-1,-1,-1
703,6,516,169,25,69,1,-1,-1,-1
703,4,93,279,42,109,1,-1,-1,-1
703,7,195,167,33,76,1,-1,-1,-1
704,7,198,168,33,76,1,-1,-1,-1
704,14,251,205,32,82,1,-1,-1,-1
704,11,380,176,31,85,1,-1,-1,-1
704,6,514,170,25,68,1,-1,-1,-1
704,13,485,134,25,65,1,-1,-1,-1
704,4,90,277,44,107,1,-1,-1,-1
705,14,243,204,32,81,1,-1,-1,-1
705,6,511,172,25,69,1,-1,-1,-1
705,4,86,276,44,107,1,-1,-1,-1
706,14,235,202,31,80,1,-1,-1,-1
706,6,508,174,26,70,1,-1,-1,-1
706,4,84,274,44,107,1,-1,-1,-1
707,14,227,200,30,80,1,-1,-1,-1
707,6,505,175,26,70,1,-1,-1,-1
707,4,81,272,45,106,1,-1,-1,-1
708,14,221,200,31,80,1,-1,-1,-1
708,11,398,180,32,86,1,-1,-1,-1
708,6,502,176,27,70,1,-1,-1,-1
708,13,501,130,23,63,1,-1,-1,-1
708,4,78,269,43,105,1,-1,-1,-1
709,14,214,197,31,78,1,-1,-1,-1
709,6,498,177,27,70,1,-1,-1,-1
709,13,507,130,23,63,1,-1,-1,-1
709,4,74,268,42,103,1,-1,-1,-1
710,6,496,179,26,71,1,-1,-1,-1
710,4,71,267,41,103,1,-1,-1,-1
711,7,225,173,33,76,1,-1,-1,-1
711,6,494,180,27,72,1,-1,-1,-1
711,4,67,266,41,101,1,-1,-1,-1
712,7,229,175,33,77,1,-1,-1,-1
712,6,491,180,26,73,1,-1,-1,-1
712,4,61,261,41,101,1,-1,-1,-1
713,14,185,192,29,76,1,-1,-1,-1
713,6,488,180,27,74,1,-1,-1,-1
713,13,524,128,23,63,1,-1,-1,-1
713,4,57,260,43,100,1,-1,-1,-1
714,14,180,191,29,76,1,-1,-1,-1
714,6,485,182,28,74,1,-1,-1,-1
714,4,55,259,43,100,1,-1,-1,-1
715,14,176,190,29,76,1,-1,-1,-1
715,6,482,184,29,75,1,-1,-1,-1
715,4,54,259,44,100,1,-1,-1,-1
715,2,591,206,36,89,1,-1,-1,-1
716,14,164,186,29,72,1,-1,-1,-1
716,6,480,185,28,76,1,-1,-1,-1
716,4,53,255,41,99,1,-1,-1,-1
717,7,247,179,29,79,1,-1,-1,-1
717,14,158,186,28,71,1,-1,-1,-1
717,6,480,185,28,76,1,-1,-1,-1
717,13,540,126,26,63,1,-1,-1,-1
717,4,52,253,40,98,1,-1,-1,-1
718,7,250,180,30,78,1,-1,-1,-1
718,14,153,185,28,71,1,-1,-1,-1
718,11,444,193,34,92,1,-1,-1,-1
718,6,481,186,27,76,1,-1,-1,-1
718,13,543,125,26,62,1,-1,-1,-1
718,4,53,252,39,98,1,-1,-1,-1
719,7,253,181,32,80,1,-1,-1,-1
719,6,481,189,29,75,1,-1,-1,-1
719,13,548,125,25,62,1,-1,-1,-1
719,4,54,250,38,98,1,-1,-1,-1
719,3,305,166,30,74,1,-1,-1,-1
720,3,302,166,29,75,1,-1,-1,-1
720,7,256,182,33,81,1,-1,-1,-1
720,6,483,189,30,76,1,-1,-1,-1
720,13,552,124,24,62,1,-1,-1,-1
720,4,55,248,38,98,1,-1,-1,-1
721,3,299,167,29,76,1,-1,-1,-1
721,7,260,183,32,81,1,-1,-1,-1
721,6,488,190,30,76,1,-1,-1,-1
721,13,555,124,25,62,1,-1,-1,-1
721,4,57,246,37,95,1,-1,-1,-1
722,3,294,170,31,76,1,-1,-1,-1
722,2,550,200,35,87,1,-1,-1,-1
722,14,121,183,29,71,1,-1,-1,-1
722,6,497,191,30,76,1,-1,-1,-1
722,13,559,123,25,62,1,-1,-1,-1
722,4,61,244,38,94,1,-1,-1,-1
723,3,291,171,31,77,1,-1,-1,-1
723,2,546,200,34,87,1,-1,-1,-1
723,14,115,182,28,71,1,-1,-1,-1
723,6,503,192,31,75,1,-1,-1,-1
723,13,563,122,24,62,1,-1,-1,-1
723,4,63,243,38,93,1,-1,-1,-1
724,3,289,171,31,76,1,-1,-1,-1
724,2,543,199,33,87,1,-1,-1,-1
724,14,110,181,29,71,1,-1,-1,-1
724,6,506,192,31,76,1,-1,-1,-1
724,13,565,121,24,62,1,-1,-1,-1
724,4,66,243,36,93,1,-1,-1,-1
725,7,282,180,33,85,1,-1,-1,-1
725,2,537,198,32,86,1,-1,-1,-1
725,14,102,179,27,71,1,-1,-1,-1
725,13,571,121,26,62,1,-1,-1,-1
725,4,72,240,36,91,1,-1,-1,-1
726,2,529,194,33,87,1,-1,-1,-1
726,14,96,178,27,70,1,-1,-1,-1
726,13,575,121,26,61,1,-1,-1,-1
726,4,76,239,36,89,1,-1,-1,-1
727,2,531,189,31,81,1,-1,-1,-1
727,14,91,178,28,70,1,-1,-1,-1
727,11,493,205,36,96,1,-1,-1,-1
727,13,578,121,25,61,1,-1,-1,-1
727,4,79,238,36,90,1,-1,-1,-1
728,2,525,194,33,82,1,-1,-1,-1
728,14,86,177,29,69,1,-1,-1,-1
728,13,581,120,24,61,1,-1,-1,-1
728,4,83,237,36,90,1,-1,-1,-1
729,7,294,190,34,84,1,-1,-1,-1
729,14,79,176,29,68,1,-1,-1,-1
729,13,583,120,24,60,1,-1,-1,-1
729,4,86,235,37,90,1,-1,-1,-1
730,7,299,191,34,84,1,-1,-1,-1
730,14,71,176,28,67,1,-1,-1,-1
730,13,588,120,24,60,1,-1,-1,-1
730,4,90,231,35,89,1,-1,-1,-1
731,3,276,180,29,81,1,-1,-1,-1
731,14,65,176,28,67,1,-1,-1,-1
731,13,591,120,24,60,1,-1,-1,-1
731,4,93,229,36,89,1,-1,-1,-1
732,3,275,182,30,81,1,-1,-1,-1
732,14,60,175,27,67,1,-1,-1,-1
732,13,593,119,24,60,1,-1,-1,-1
732,4,97,230,36,88,1,-1,-1,-1
733,3,274,183,31,81,1,-1,-1,-1
733,14,55,174,26,67,1,-1,-1,-1
733,13,596,118,23,59,1,-1,-1,-1
733,4,100,229,35,88,1,-1,-1,-1
734,3,273,183,32,82,1,-1,-1,-1
734,7,316,194,35,84,1,-1,-1,-1
734,14,50,174,28,66,1,-1,-1,-1
734,13,598,117,23,60,1,-1,-1,-1
734,4,103,228,34,86,1,-1,-1,-1
735,3,272,184,33,82,1,-1,-1,-1
735,7,319,195,35,84,1,-1,-1,-1
735,14,46,174,29,66,1,-1,-1,-1
735,13,601,116,23,60,1,-1,-1,-1
735,4,106,225,34,86,1,-1,-1,-1
736,3,271,186,34,82,1,-1,-1,-1
736,7,322,196,35,84,1,-1,-1,-1
736,2,470,190,33,83,1,-1,-1,-1
736,14,41,173,27,65,1,-1,-1,-1
736,11,540,213,43,99,1,-1,-1,-1
736,13,605,116,24,60,1,-1,-1,-1
736,4,108,224,34,85,1,-1,-1,-1
737,3,270,188,35,83,1,-1,-1,-1
737,7,325,196,37,84,1,-1,-1,-1
737,2,464,189,32,83,1,-1,-1,-1
737,14,35,172,27,66,1,-1,-1,-1
737,11,543,214,42,98,1,-1,-1,-1
737,13,607,116,25,60,1,-1,-1,-1
737,4,109,223,34,85,1,-1,-1,-1
737,6,568,188,30,74,1,-1,-1,-1
738,6,567,189,30,74,1,-1,-1,-1
738,3,270,190,35,83,1,-1,-1,-1
738,7,328,198,37,85,1,-1,-1,-1
738,14,31,172,27,65,1,-1,-1,-1
738,11,549,214,41,98,1,-1,-1,-1
738,13,609,116,25,59,1,-1,-1,-1
738,4,111,223,35,84,1,-1,-1,-1
739,3,269,192,34,83,1,-1,-1,-1
739,7,332,201,37,85,1,-1,-1,-1
739,14,24,171,26,65,1,-1,-1,-1
739,4,117,220,33,84,1,-1,-1,-1
740,3,268,193,34,83,1,-1,-1,-1
740,7,336,202,35,86,1,-1,-1,-1
740,14,19,169,25,65,1,-1,-1,-1
740,4,121,218,32,82,1,-1,-1,-1
741,3,266,196,34,83,1,-1,-1,-1
741,7,339,202,34,86,1,-1,-1,-1
741,14,14,169,25,65,1,-1,-1,-1
741,4,126,216,31,82,1,-1,-1,-1
742,6,554,184,28,72,1,-1,-1,-1
742,3,264,199,34,83,1,-1,-1,-1
742,7,342,203,35,86,1,-1,-1,-1
742,14,10,169,27,64,1,-1,-1,-1
742,11,573,217,43,102,1,-1,-1,-1
742,4,130,216,32,82,1,-1,-1,-1
743,6,550,184,28,71,1,-1,-1,-1
743,3,259,200,34,84,1,-1,-1,-1
743,7,350,204,37,87,1,-1,-1,-1
743,14,1,169,27,63,1,-1,-1,-1
743,13,630,114,24,59,1,-1,-1,-1
743,4,135,213,32,82,1,-1,-1,-1
744,6,545,183,28,71,1,-1,-1,-1
744,3,255,201,34,84,1,-1,-1,-1
744,7,354,204,37,88,1,-1,-1,-1
744,14,-1,168,24,64,1,-1,-1,-1
744,4,140,211,31,81,1,-1,-1,-1
745,3,252,204,35,84,1,-1,-1,-1
745,7,358,204,39,89,1,-1,-1,-1
745,14,-2,169,23,62,1,-1,-1,-1
745,4,146,209,30,81,1,-1,-1,-1
746,3,247,208,36,84,1,-1,-1,-1
746,7,366,206,38,90,1,-1,-1,-1
746,4,154,208,31,81,1,-1,-1,-1
747,3,244,209,37,85,1,-1,-1,-1
747,7,373,208,37,90,1,-1,-1,-1
747,4,159,207,31,81,1,-1,-1,-1
748,3,243,209,35,86,1,-1,-1,-1
748,7,377,209,37,91,1,-1,-1,-1
748,2,393,183,33,79,1,-1,-1,-1
748,13,648,115,25,58,1,-1,-1,-1
748,4,163,206,31,81,1,-1,-1,-1
749,3,240,210,36,87,1,-1,-1,-1
749,2,383,181,31,79,1,-1,-1,-1
749,13,654,115,24,58,1,-1,-1,-1
749,4,173,203,29,80,1,-1,-1,-1
750,3,239,213,36,87,1,-1,-1,-1
750,2,375,180,32,79,1,-1,-1,-1
750,13,659,115,25,59,1,-1,-1,-1
750,4,180,201,31,81,1,-1,-1,-1
751,3,237,215,36,88,1,-1,-1,-1
751,2,369,181,31,78,1,-1,-1,-1
751,13,662,116,26,58,1,-1,-1,-1
751,4,185,201,33,81,1,-1,-1,-1
752,6,504,177,29,71,1,-1,-1,-1
752,3,234,216,38,89,1,-1,-1,-1
752,2,364,181,34,79,1,-1,-1,-1
752,11,637,216,43,103,1,-1,-1,-1
752,13,664,116,26,59,1,-1,-1,-1
752,4,187,199,34,81,1,-1,-1,-1
753,6,497,176,28,71,1,-1,-1,-1
753,3,230,217,38,89,1,-1,-1,-1
753,7,403,222,32,84,1,-1,-1,-1
753,2,357,180,32,78,1,-1,-1,-1
753,11,644,214,41,103,1,-1,-1,-1
753,13,668,117,25,58,1,-1,-1,-1
753,4,195,198,32,79,1,-1,-1,-1
754,6,493,175,28,71,1,-1,-1,-1
754,3,228,219,38,90,1,-1,-1,-1
754,2,352,179,31,78,1,-1,-1,-1
754,11,649,212,40,103,1,-1,-1,-1
754,13,672,117,24,59,1,-1,-1,-1
754,4,201,197,31,79,1,-1,-1,-1
754,15,741,62,15,39,1,-1,-1,-1
755,6,486,175,29,71,1,-1,-1,-1
755,3,229,224,37,92,1,-1,-1,-1
755,13,675,118,24,59,1,-1,-1,-1
755,4,208,197,31,79,1,-1,-1,-1
756,3,230,226,38,92,1,-1,-1,-1
756,13,677,119,24,59,1,-1,-1,-1
756,4,212,196,30,79,1,-1,-1,-1
757,3,231,226,39,93,1,-1,-1,-1
757,13,679,119,23,60,1,-1,-1,-1
758,3,233,227,40,92,1,-1,-1,-1
758,13,679,120,23,59,1,-1,-1,-1
759,3,235,230,42,93,1,-1,-1,-1
759,2,320,177,31,77,1,-1,-1,-1
759,13,681,120,23,60,1,-1,-1,-1
760,3,236,233,42,93,1,-1,-1,-1
760,2,314,177,31,77,1,-1,-1,-1
760,13,681,121,24,60,1,-1,-1,-1
761,3,238,234,41,94,1,-1,-1,-1
761,2,310,177,32,77,1,-1,-1,-1
761,13,683,121,23,61,1,-1,-1,-1
762,3,238,236,40,93,1,-1,-1,-1
762,7,457,222,37,93,1,-1,-1,-1
762,2,307,176,31,77,1,-1,-1,-1
762,13,684,122,23,60,1,-1,-1,-1
763,3,241,235,38,94,1,-1,-1,-1
763,7,460,223,36,93,1,-1,-1,-1
763,13,685,122,23,60,1,-1,-1,-1
763,4,238,187,28,70,1,-1,-1,-1
764,3,245,236,39,93,1,-1,-1,-1
764,13,686,122,23,60,1,-1,-1,-1
764,4,242,187,28,68,1,-1,-1,-1
765,3,251,237,40,94,1,-1,-1,-1
765,13,686,123,24,60,1,-1,-1,-1
765,4,245,189,27,70,1,-1,-1,-1
766,3,255,239,42,95,1,-1,-1,-1
766,13,686,125,24,61,1,-1,-1,-1
767,3,260,239,41,96,1,-1,-1,-1
767,13,685,126,24,62,1,-1,-1,-1
768,3,267,239,39,96,1,-1,-1,-1
768,13,684,127,25,62,1,-1,-1,-1
769,3,276,241,39,97,1,-1,-1,-1
769,13,683,127,25,62,1,-1,-1,-1
770,3,282,243,41,97,1,-1,-1,-1
770,13,682,127,25,63,1,-1,-1,-1
771,3,287,244,41,98,1,-1,-1,-1
771,7,505,232,40,96,1,-1,-1,-1
771,13,681,128,26,64,1,-1,-1,-1
771,4,271,181,30,74,1,-1,-1,-1
772,7,516,234,40,97,1,-1,-1,-1
772,13,680,130,26,63,1,-1,-1,-1
772,4,278,181,28,73,1,-1,-1,-1
773,7,523,236,40,98,1,-1,-1,-1
773,13,680,130,25,63,1,-1,-1,-1
774,7,527,238,40,99,1,-1,-1,-1
774,2,254,173,28,74,1,-1,-1,-1
774,13,679,131,25,63,1,-1,-1,-1
775,3,318,250,42,98,1,-1,-1,-1
775,7,529,239,39,99,1,-1,-1,-1
775,2,252,172,28,75,1,-1,-1,-1
775,13,678,132,25,63,1,-1,-1,-1
776,3,323,251,42,99,1,-1,-1,-1
776,2,249,170,28,75,1,-1,-1,-1
776,13,675,133,25,64,1,-1,-1,-1
777,3,329,252,41,99,1,-1,-1,-1
777,2,247,169,28,75,1,-1,-1,-1
777,13,672,134,25,64,1,-1,-1,-1
778,3,334,253,41,100,1,-1,-1,-1
778,2,245,169,29,74,1,-1,-1,-1
778,13,671,134,24,65,1,-1,-1,-1
779,2,241,168,29,74,1,-1,-1,-1
779,13,667,135,25,65,1,-1,-1,-1
780,13,666,135,25,66,1,-1,-1,-1
781,13,664,137,25,66,1,-1,-1,-1
782,13,663,137,25,66,1,-1,-1,-1
782,4,323,172,28,70,1,-1,-1,-1
783,7,574,249,39,101,1,-1,-1,-1
783,13,661,137,25,66,1,-1,-1,-1
783,11,613,207,33,95,1,-1,-1,-1
784,7,577,250,39,102,1,-1,-1,-1
784,13,659,138,25,66,1,-1,-1,-1
785,3,371,265,48,105,1,-1,-1,-1
785,7,579,251,40,104,1,-1,-1,-1
785,2,224,165,27,74,1,-1,-1,-1
785,13,657,139,26,66,1,-1,-1,-1
786,7,584,255,42,104,1,-1,-1,-1
786,2,223,164,27,74,1,-1,-1,-1
786,13,655,140,26,67,1,-1,-1,-1
786,4,345,169,30,72,1,-1,-1,-1
787,7,589,256,43,105,1,-1,-1,-1
787,2,223,164,27,74,1,-1,-1,-1
787,13,653,141,26,67,1,-1,-1,-1
787,4,350,167,30,72,1,-1,-1,-1
788,7,593,256,44,106,1,-1,-1,-1
788,2,223,163,27,74,1,-1,-1,-1
788,13,651,141,27,67,1,-1,-1,-1
789,3,402,270,45,107,1,-1,-1,-1
789,7,596,259,44,107,1,-1,-1,-1
789,2,222,161,28,73,1,-1,-1,-1
789,13,649,142,26,68,1,-1,-1,-1
790,11,629,223,35,100,1,-1,-1,-1
790,3,407,271,43,107,1,-1,-1,-1
790,7,599,261,43,108,1,-1,-1,-1
790,2,222,159,27,73,1,-1,-1,-1
790,13,649,144,26,68,1,-1,-1,-1
791,11,632,224,36,101,1,-1,-1,-1
791,7,601,263,43,108,1,-1,-1,-1
791,2,221,159,27,72,1,-1,-1,-1
792,6,240,193,30,75,1,-1,-1,-1
792,7,604,263,43,109,1,-1,-1,-1
792,2,220,159,27,72,1,-1,-1,-1
793,6,238,193,29,74,1,-1,-1,-1
793,7,608,264,42,109,1,-1,-1,-1
793,2,218,159,27,71,1,-1,-1,-1
794,6,236,192,28,74,1,-1,-1,-1
794,7,612,265,41,109,1,-1,-1,-1
794,2,216,158,26,70,1,-1,-1,-1
794,4,385,162,29,71,1,-1,-1,-1
795,6,234,190,28,74,1,-1,-1,-1
795,3,440,274,47,106,1,-1,-1,-1
795,7,617,266,40,109,1,-1,-1,-1
795,2,213,157,27,70,1,-1,-1,-1
795,4,389,162,30,71,1,-1,-1,-1
